
Check the solution of the last weight matrix.
Neuron 0 maps on to neuron 7 with error 9.493704623111752e-05 ratio -2.608009907276804
Bias check [0.01348359]
Neuron 1 maps on to neuron 6 with error 1.1542994347350185e-05 ratio 2.582713281802997
Bias check [0.00798809]
Neuron 2 maps on to neuron 3 with error 8.659658831113257e-06 ratio -1.6656357396002053
Bias check [-0.04563351]
Neuron 3 maps on to neuron 5 with error 3.6029446027849776e-05 ratio 2.3340167531548723
Bias check [0.12049978]
Neuron 4 maps on to neuron 1 with error 2.5944878509568525e-06 ratio -1.758848655759711
Bias check [0.00223564]
Neuron 5 maps on to neuron 6 with error 0.6010095632265313 ratio 0.2631992946664001
Bias check [22.90825605]
ERROR LAYER EXTRACTED INCORRECTLY
	GAPS: 1.0220 0.9894 1.0135 0.9873 1.0242 0.9951 0.3612 0.7327
	  Got: 1.0000 -0.6958 2.1792 0.1807 -2.3751 -1.4355 -1.8530 -1.4103 -0.2710 -0.5029 -0.6133 2.2045 12.0246 9.7231 6.0250 0.9043 -0.0518 -1.4886 -0.6606 1.2301 0.3021 -1.3004 1.8670 -1.1294 -1.0564 1.0876 1.4638 1.7886 -2.9182 -0.5608 -2.5664 1.0114 0.1922 -1.0908 0.4147 -3.1609 -20.2439 -7.9485 -3.9841 -32.2638 0.0956 -25.8714 25.6643 -3.0349 9.5744 -5.7497 -22.3053 -13.5842 -16.8147 -1.6613 -8.6342 -7.9307 -0.4763 2.2529 -0.2167 -1.7821 0.3045 -1.8911 -1.1636 -16.4364 -28.4071 -10.0322 -17.7107 -11.9851 15.5758 -11.4534 -11.1620 3.6866 -30.0079 6.6064 -0.0224 -3.8497 -13.7963 -1.5535 -9.9054 -6.9655 4.0917 -42.0585 -40.8405 15.7083 25.6209 -4.5857 2.9830 -0.7772 -0.2669 -0.3391 22.8258 -19.7360 -24.5686 4.9062 -33.5159 13.2010 14.8896 17.9508 -5.5888 1.8365 4.9539 -14.9209 7.7783 -1.5977 -4.3227 -17.9015 -38.2989 1.4609 -17.5946 -26.0463 -17.2840 -3.2878 -33.1448 -21.9227 -14.1033 1.2367 -0.6676 1.4348 28.5318 2.3021 68.1185 -2.3066 14.8974 -14.3722 -18.1774 -10.8254 -3.8708 11.1086 1.5117 -21.6326 2.1944 -1.2260 -2.9029 1.5784 -0.3793 -0.1823 3.5131 -1.5352 -3.7785 -23.7100 -17.5083 -3.7057 11.7913 35.2735 -1.6403 -0.2400 28.2579 -34.9959 9.7395 -10.3191 -7.2393 -13.8097 -8.5094 -5.4506 -7.3065 -1.5316 0.4469 -0.2136 -1.9580 -8.0094 -2.2145 -8.0142 -5.5403 1.9827 -7.6023 -2.0656 -4.0712 1.3312 -2.9783 -20.8359 -0.5260 34.5605 0.4852 2.0260 18.8875 15.3470 -19.2365 7.3428 10.6375 0.6128 -1.7365 -3.6576 -0.0314 0.3893 5.5746 10.3179 8.0438 7.0114 9.1633 1.9599 8.9395 -2.9226 3.5680 -2.8906 -9.5052 1.6364 -13.2952 -7.1710 4.1475 6.1919 -7.2119 -23.3281 7.3437 -3.5097 -2.9316 -18.2846 -3.0051 1.8167 1.2033 -4.4255 4.3167 -3.1110 7.3936 5.5110 5.3067 8.3241 6.4865 3.6453 1.8960 3.1154 4.9400 3.9650 0.2208 -6.3627 -11.0418 -43.0368 -10.9646 10.2266 11.2700 8.9716 -23.0944 -6.0592 19.9149 6.4124 -4.9643 -6.2414 -1.4814 -5.6509 1.1810 -5.9786 -3.1432 5.4264 7.8062 3.7755 6.4497 4.9314 -1.2939 7.2192 -5.1113 -6.6249 -2.9403 -2.7860 -13.9482 -18.9651 22.5512 25.2592 1.7599 6.9696 -19.0566 14.8628 -16.0424 -2.8856 8.0104 8.7314 -0.7311 8.8190 -4.3112 0.8866 2.0333 3.1622 10.5657 11.0897 4.2451 2.6591 -0.2572 -0.3257 3.3793 0.6954 3.9208 2.5047 -5.6839 -27.3185 0.2844 -21.5615 2.9855 6.1070 -20.3345 -33.3371 -3.7574 9.7875 14.7563 1.2606 10.2714 2.9690 8.3069 0.8482 -2.3240 -4.2611 5.2704 6.0310 5.1377 1.0837 6.7407 3.4121 -1.1207 -0.5792 2.1406 4.5604 -8.6346 -2.7541 -11.9573 -13.9373 -7.7556 -7.5017 1.4521 -22.3640 5.3377 23.8237 5.7974 5.8751 1.5964 2.6973 -10.6951 -0.2664 -10.8343 -9.7010 3.3033 14.1140 1.4510 2.7295 6.9342 3.5682 10.6946 4.7966 15.5182 12.6637 28.0995 -20.3523 -16.9945 19.1956 -12.7821 -21.8779 -8.6228 -6.1052 11.1499 -4.8345 -1.2422 -3.4961 -9.7742 -2.7308 -10.1451 -9.2128 -7.8214 -12.6587 8.0228 6.9639 4.8566 3.4962 5.1562 8.7406 4.8050 9.6888 5.0285 8.9799 0.6647 33.4417 33.2280 9.8863 -8.4084 -27.6729 3.0996 -20.3611 -6.7302 -19.8377 -17.9252 -8.9660 -1.2196 -6.6030 -7.7942 -8.1404 -5.7204 4.7984 8.9913 0.7729 1.3247 0.1688 9.1047 -0.5005 5.6064 -0.2368 -9.5625 -18.2593 -15.1701 -1.6059 -3.0639 -29.6260 -0.6801 -22.6768 37.8942 6.4354 0.2398 -8.0307 0.0140 -3.8408 -2.0912 -9.8702 -5.0244 -0.7699 -3.6781 0.1719 11.7191 1.4227 4.0676 -1.6026 7.4372 -2.5249 -4.1012 -4.4405 -8.0156 -4.2382 -25.5727 8.2432 -2.5059 -8.7918 9.2944 -14.7687 -13.0727 5.5844 3.9211 -1.8244 1.4231 -6.0896 -2.0044 -7.1447 0.8747 -3.3011 -2.9035 6.4414 4.9846 2.2176 -3.5743 6.8323 -3.1680 -8.3515 5.0149 -3.4202 -5.5798 -8.1537 -18.2084 -4.8551 -1.4250 12.1988 8.3557 -13.8533 -47.3559 -2.2841 3.9836 3.6700 -9.7908 -1.7785 -0.9187 -3.4540 4.8245 1.7386 1.4996 2.5477 3.4501 -1.3890 -5.2760 0.8041 -3.0913 1.7144 -14.1987 -12.8273 -8.6759 -17.6238 -25.5689 -17.2951 32.5024 -4.9038 0.8693 -5.1100 -28.7966 -12.3691 9.1477 10.5149 -2.4285 4.4008 5.1259 1.8240 -11.5854 -2.5047 7.5695 3.8633 -0.1711 -3.4713 -0.9970 -6.1814 -3.9178 -4.2397 -8.1905 -7.0435 -8.6068 -5.1422 -13.0117 22.8069 24.6203 38.3270 47.2227 -21.9935 -4.8400 -28.4673 -2.0146 -0.6903 -9.1991 2.5562 -3.7831 -1.9469 -1.8928 6.0520 5.1892 9.9876 7.6156 -3.5503 -2.1066 -1.8246 -2.0456 -10.8081 -5.0504 -5.1763 -6.5016 -0.7721 -7.8713 24.1203 -8.7824 8.9660 -18.9797 43.5020 -0.1839 -15.8166 -12.9870 -3.8402 -8.0656 10.8711 -5.4428 -0.7482 5.0184 -2.9435 4.6546 0.6585 0.9381 1.2295 -8.4942 1.1254 1.3080 5.5959 6.2666 0.2171 8.3482 4.3832 2.0913 1.0431 6.1628 -9.2298 -1.0234 17.6979 7.3101 -21.8878 -11.6187 -7.4969 -4.8594 -2.2941 -3.8076 2.8041 -4.2318 -8.3559 -6.1438 -1.4583 2.3392 -1.2756 0.4255 -0.3003 0.1204 3.6497 -4.9078 -2.3894 7.0341 -3.7914 26.1096 11.6354 0.4918 8.7751 -3.3167 -25.5599 -36.4882 -2.4622 -26.6463 10.7807 -4.2583 -1.0980 3.4320 0.3113 1.8330 -6.5248 -8.3399 -6.3624 -2.6596 -5.4022 -2.0536 -5.8988 -8.8258 -4.2226 -1.6128 -2.2754 1.2544 -0.9045 23.2628 22.7214 -0.5621 -0.8962 -2.6254 -12.4248 -16.2071 7.8522 -8.3373 17.7246 4.4222 3.6909 0.9300 -1.9427 2.9353 -8.0442 -2.7548 -8.8885 0.3577 5.3739 -2.1793 -0.3905 -1.2613 -3.4548 -0.9313 -4.1866 2.1731 6.8344 5.4166 9.9665 -21.8330 -1.0393 -1.2772 -1.6670 -25.0947 -24.6061 -16.1203 2.5179 -15.8363 -18.8443 2.1667 -7.4823 -3.3809 -0.3722 -0.3487 1.7977 -4.8666 0.3046 -1.7404 -2.4883 -2.6729 -8.9893 -6.9316 -13.4072 0.5983 -3.8390 -4.2212 -11.7485 -2.6518 1.2596 -1.1538 -1.5533 24.7074 -17.8120 -15.2867 -10.3270 2.3556 0.2013 -4.6630 -8.9997 -2.3467 -5.2425 -5.3804 0.0468 -5.0125 -6.1020 1.8325 4.7710 3.9802 4.3737 2.6722 27.1849 13.4916 14.0520 2.7013 -21.4461 30.1745 -0.4230 1.1246 0.4620 -4.3709 -15.4965 -12.9115 -0.0100 11.3961 -6.4873 16.8946 7.8656 2.4566 0.5749 7.2452 1.2990 5.5159 2.9491 0.5054 7.7164 9.3178 5.2185 20.8356 17.1759 7.1439 5.7166 -12.5664 -1.4254 6.8322 -1.2736 -3.2648 0.8199 -2.2687 -17.8470 -3.8505 5.2610 13.5838 6.5375 1.8577 21.2338 8.1602 13.5552 8.7944 2.7590 22.0080 2.6990 18.6774 5.7215 16.2929 2.8086 9.1563 7.4765 11.7863 16.6347 -5.7181 -1.2877 -0.3549 0.0171 0.7412 -0.8708 -1.7454 -0.8764 -10.0602 -8.1327 6.1014 25.1659 23.2766 -4.8834 16.1379 11.9070 19.3275 -16.6922 9.1815 0.9179 -0.0321 8.5260 -8.3464 7.3033 4.8500 -20.0323 -29.0263 -13.4879 -1.3436 -0.3704 0.3027 -0.1389
	 Real: 1.0000 -0.1030 -0.6841 -0.5021 -0.3281 -0.0663 1.0519 1.2378 0.0339 -0.7954 -0.1962 -1.4489 -14.7693 -9.4702 -6.1457 -2.7702 -1.1881 1.1087 -0.0878 -0.8046 -0.4955 -0.0225 -0.8369 0.8091 0.8375 -1.2760 -0.7480 -1.2387 0.4422 0.3201 0.9035 0.0384 -0.0158 0.1892 0.9397 2.0368 21.9261 9.6607 4.7237 19.2937 -14.9619 13.6754 -26.9190 -14.2153 -19.2655 -8.8643 22.7217 12.2637 16.1059 0.8007 10.1644 7.6954 0.8410 -1.2151 0.5357 0.8873 -0.0180 1.3453 2.7767 1.2798 10.5605 7.8809 20.0006 8.6912 -19.6694 10.8178 8.7536 -8.1790 35.8969 0.6735 1.6056 0.1834 -3.0341 -4.2798 7.8558 5.0950 -4.2627 43.2038 38.2739 -15.2269 -24.7078 7.9540 -1.3400 1.2185 0.4230 -0.0130 -17.9284 4.4542 11.5114 -25.6322 14.2429 -6.9495 -14.1715 -18.1714 -5.5325 -1.0201 9.3961 0.3889 4.2421 10.0238 4.3739 -0.6160 21.7251 -0.5582 5.7298 13.5831 2.7077 -1.8890 31.4797 24.9847 17.6174 0.1221 -1.0665 0.3743 -29.4261 -4.6549 -43.5662 6.3718 -4.4651 11.1606 1.6227 7.7286 -0.9075 -10.4146 -4.9056 3.5949 -3.9643 -2.0746 -2.1082 2.1681 -0.4839 -1.0034 -2.8752 -0.1082 -8.1556 6.9054 11.0729 -0.9446 -9.5163 -34.9613 0.3537 -1.2635 -33.7333 11.5716 -11.2771 33.5232 16.2955 10.4852 3.0394 7.9809 7.6873 -4.9770 -3.8778 0.5530 -0.8832 -2.8552 -0.1314 -2.7545 4.3602 -1.7730 4.1015 -1.5370 -0.3020 0.6033 -5.2923 13.3692 -9.4485 -34.7036 -0.2818 -23.4120 -21.0218 -5.3293 17.8285 -2.4055 -6.8174 0.0802 4.3218 5.2309 3.9826 0.0250 -2.1340 -8.4914 -3.2524 -3.5064 -6.9460 1.2501 -7.9666 3.1033 0.3250 -0.9169 6.3062 -0.5015 10.5209 2.1461 3.6068 -8.5803 1.8196 4.7003 2.4559 18.6337 0.6654 14.0420 3.2736 3.2161 -2.8087 3.8771 -2.3935 5.8930 -1.5912 -3.8449 -0.9972 -3.9105 -2.8725 0.5061 2.4776 -3.3527 0.1333 -2.2429 -0.7661 2.0414 2.8180 15.3207 0.1558 2.8941 -25.1287 -15.0971 25.8690 -0.3619 -7.2786 -4.2921 4.0993 6.4313 2.4343 4.4348 -1.3169 6.8693 4.4445 -2.3840 -3.6311 -0.9548 -1.9120 -4.7831 1.9158 -4.3712 3.4340 1.7996 3.4542 1.6630 1.8185 2.0342 -5.1076 -26.9394 5.2244 -2.5528 29.8577 -15.8170 17.8555 5.6912 -3.6347 -7.2680 1.6761 -4.6205 0.9233 -3.2929 2.5988 0.4463 -7.0670 -5.9221 -1.6340 0.1055 0.4482 3.0383 -1.9475 -0.5427 0.8779 1.3762 6.6283 14.5891 -2.2101 3.7505 3.5315 -5.2384 34.8018 24.0490 -3.9459 -9.7694 -11.9425 -2.5407 -9.4714 0.8977 -5.0427 0.9400 -0.3472 4.7128 0.4314 2.0199 0.5039 1.0313 -2.9901 -2.9784 2.7381 2.1269 0.6185 -0.5141 7.8327 11.0791 14.6005 11.4244 9.7941 -9.2506 10.8739 27.1356 -0.3205 -17.1750 -3.7201 -4.5287 -2.0137 -3.8488 3.8376 1.2588 8.7522 4.9659 -4.0523 -8.2911 1.8395 -0.8117 -1.2634 -1.3744 -4.4900 -2.0270 -12.7235 -16.4542 -24.4605 29.9180 27.5908 -14.0562 13.4397 36.8689 8.1544 8.2984 -8.6814 8.0215 -0.0304 2.6233 10.6685 2.2685 6.1391 11.5702 3.6098 6.0330 -10.2292 -6.3897 -0.5868 -2.3715 -4.8244 -4.1296 -3.8596 -6.4324 -3.9034 -4.6749 -3.6269 -20.1635 -23.7190 -9.2290 -1.5918 35.0536 11.5624 12.5889 7.4560 18.3671 12.0558 7.5157 2.6833 6.0623 6.7513 5.7513 0.0065 -3.6185 -9.4874 -1.1639 -2.8213 2.3451 -3.6254 -3.0860 -6.4603 2.3414 7.9065 6.8610 11.6512 3.1258 -10.1593 30.8359 0.4293 31.7066 -18.3966 -3.0483 8.2128 6.3768 4.9092 4.2189 2.2370 5.7892 3.5521 -0.8023 -1.5277 -0.3816 -15.2541 0.3005 -1.1912 0.8098 -6.7645 7.1278 3.1333 6.7683 8.6500 9.9305 16.7481 -10.1784 3.8597 9.2975 -0.6352 -0.7034 15.0165 -4.7904 -2.2403 0.1683 -3.4493 1.4311 1.0293 2.9049 -0.1778 2.9137 -2.7790 -6.0200 -7.0305 0.1841 0.3579 -3.0156 4.2451 7.4881 0.2241 1.4555 5.6277 13.7938 16.8025 -2.0877 -0.8547 -11.3380 -0.3207 25.2917 31.5690 1.1160 -5.8581 -3.2624 7.4547 4.2338 1.8946 3.0214 -4.6123 -4.7081 1.9517 -3.7319 -7.4747 0.4006 3.0433 2.6055 1.7059 2.0576 11.0266 14.5561 13.0819 6.7200 15.5917 7.4969 -43.1005 0.9280 -0.9113 16.0207 18.3768 -2.6786 -1.8441 -3.8301 3.3086 -2.7084 -5.8285 -1.7345 5.5538 -0.7588 -5.0335 -4.8841 -1.8886 5.1492 3.5140 6.5678 5.9085 5.0008 6.4577 9.6456 7.3750 0.2239 9.1195 -6.9690 -38.0726 -45.2655 -25.8615 32.9327 4.5453 -0.6812 -2.5573 -4.4211 7.9210 -6.6661 3.2324 -6.1623 -1.5552 -5.1599 -3.8215 -4.3828 -3.0589 3.7686 0.7774 2.1486 3.5660 6.4478 -0.1828 3.0300 -3.3335 -3.0107 -3.7948 -23.8867 -1.7778 -3.7824 7.8389 -27.8856 25.8652 5.5090 5.0924 1.4057 4.1898 -4.1729 -0.2563 -3.7802 -7.0974 0.4702 -1.7185 -1.6391 0.1673 -1.7288 4.2168 -1.7801 -2.1133 -3.8732 -6.0801 -2.9263 -12.2844 -12.2585 -0.9397 5.3305 -16.6450 18.5243 0.9434 -29.1895 -5.5673 18.0348 -7.5076 2.9460 0.4292 -0.9408 0.6074 -4.4527 4.4317 1.9056 3.9372 4.7968 -2.5939 -0.4224 -1.8819 -3.4611 -1.6702 -5.9807 -3.7523 -7.9733 -10.9129 -10.1973 -15.1606 6.2369 -16.1322 -2.4135 6.8946 29.8698 25.0727 7.9656 12.4309 -9.4976 3.1726 -2.9897 -1.4565 0.8878 -0.8528 2.2009 4.0507 1.8984 1.4085 3.6702 0.5470 5.2738 1.1720 -1.6091 0.4269 2.3740 -1.0011 -12.2770 -8.8154 -5.2960 -17.9390 -0.0140 6.2426 17.1049 14.0113 -15.3111 0.0375 -9.3192 -7.3571 -4.4015 2.4674 1.7270 2.8701 4.1111 0.2110 2.5421 -1.5746 -5.2457 0.4860 -0.1399 -2.2669 4.0487 -1.0864 -0.1971 4.3640 -3.5018 -10.3909 -25.9687 1.0259 1.5646 1.4472 -0.2969 -2.7191 11.3179 20.2484 -3.1626 8.0601 14.2520 -3.4991 4.4538 3.3530 2.2560 -0.5582 -0.9588 2.0855 -2.0432 -2.6842 0.3122 -0.5794 1.6795 -2.1411 1.3044 6.8148 11.9297 -8.7238 -4.7506 -8.9644 -0.5666 0.1743 0.1293 -7.3864 8.8528 17.8347 18.8325 4.5402 2.0753 0.7061 3.4750 -0.5070 -0.5025 1.6449 -0.5951 0.5735 4.9018 -2.3977 -3.8649 -0.2303 -1.5523 1.6302 -15.1684 -14.1525 -7.6007 -21.1918 4.4342 -34.1690 0.8870 -0.6346 -1.1832 -8.0920 6.0148 15.9680 -5.2827 -16.5910 4.8408 -13.1078 -6.8328 -3.7354 -1.1968 -3.8855 -2.0418 -2.6087 2.1123 2.2095 -3.1285 -4.4532 1.2704 -12.1943 0.4682 -1.0939 4.8549 -2.5702 28.2953 -6.7189 1.2477 0.9748 1.2470 1.3153 13.4652 -6.2626 4.3590 -1.1150 -5.4713 0.7712 -9.2083 -4.2579 -2.5992 -7.7105 2.6343 -15.2073 0.9020 -12.0329 -0.0056 -12.2102 -7.1735 -13.4951 -1.8437 -0.2670 -33.7894 -27.7619 6.9874 -0.2870 -0.3735 0.9641 1.0152 -0.5366 1.1609 10.8878 14.9109 -4.4835 -19.2226 -15.6131 0.0854 -6.9718 0.1026 -10.6888 28.9367 -0.6090 0.0697 2.3391 1.3354 12.9862 -1.3599 -0.9561 29.8469 21.7945 5.7938 0.7064 0.3340 -0.9022 -1.1872
Neuron 6 maps on to neuron 3 with error 0.28359781652227334 ratio -2.21598835850083
Bias check [38.63956338]
ERROR LAYER EXTRACTED INCORRECTLY
	GAPS: 1.0262 1.0018 1.0233 0.0804 1.0067 0.9913 0.8725 0.9973
	  Got: 1.0000 -0.6951 1.2727 0.0157 -1.6748 0.4013 -0.6390 -1.1980 0.6559 -0.5070 -0.2231 -0.8885 2.4382 0.6606 1.1466 0.4610 0.8455 -0.0913 0.1303 -0.0053 -0.6643 -0.7974 -0.7448 -0.3064 -1.0285 -0.3757 1.0730 -0.8865 -0.6347 0.4688 -1.2040 0.7543 1.4195 -0.3286 0.0435 -0.7942 -1.3678 2.8449 5.0914 -15.5623 -10.0364 -15.8878 11.1909 6.9898 34.4411 16.4236 -15.9056 -18.7053 -13.9523 -11.9764 -1.0314 -0.0298 0.1310 0.8707 -0.4221 -2.0178 0.0591 -1.5992 5.3414 -13.2929 -37.4802 -19.0971 -2.6322 -12.4994 -10.1984 -16.9615 -17.3721 -6.3881 -8.6598 -0.0864 5.2065 4.4681 2.5355 1.4759 -15.0363 -8.2110 -5.5483 -30.8191 -31.2261 17.9693 21.2646 14.2388 1.4733 0.2915 -0.0321 1.0891 26.3166 -11.4212 -12.8161 -0.6757 -11.6661 -7.4611 -9.1184 8.0378 18.6672 18.6042 21.5645 17.4768 2.8038 -1.3263 4.2841 1.6577 -11.6148 -0.9531 -3.1985 -7.9554 -3.0596 -22.0104 -19.1947 -6.2598 3.7224 1.1231 0.4245 -0.3147 11.9498 -0.5147 43.6132 10.0201 -1.8470 8.1268 13.3625 12.5612 3.1318 8.8611 0.3676 -2.7586 6.2962 1.7622 0.9022 -3.5067 0.8107 1.6022 0.1035 1.7643 4.2611 -2.7477 -7.7406 -11.9847 13.9413 13.9681 0.3444 -0.4593 -21.4737 0.5028 2.5948 26.6506 2.6585 -1.0622 -0.6177 4.7417 -6.5760 3.8731 -0.5584 -2.3100 -2.9946 0.9575 0.6930 -5.2768 -1.7256 -1.7420 -2.3669 4.4673 1.3896 1.2828 6.6899 -8.0128 -14.4918 10.0672 1.0717 17.8781 6.4184 13.1668 -1.5470 3.1110 -6.2631 4.9915 -0.6277 -0.5735 4.6306 0.1846 6.3113 4.4025 1.9453 -2.5598 3.7875 -2.7932 2.8351 -5.2266 2.9272 -5.6434 0.3008 -1.4713 1.0573 -22.3356 13.3279 16.6837 0.5842 28.9590 20.5783 -1.7886 -5.5442 0.7753 4.6130 2.0787 1.3843 -0.5495 1.0620 -1.5106 4.0701 6.2635 5.8341 -4.0641 -1.1989 -3.0167 -1.5786 1.5334 2.0029 0.0031 -1.2415 -3.9588 -4.2646 -12.3700 9.5476 12.8567 35.6173 33.2017 10.6428 0.7703 9.9660 9.0576 -5.5549 0.7621 -1.6185 0.4052 -0.5274 -1.1275 -5.5621 -1.1981 4.0411 3.1484 -3.4626 -0.7938 0.4065 1.4838 -3.7987 -4.3769 -0.7732 -1.1308 -11.9103 -3.7463 5.9079 14.0000 -4.7014 13.3010 -5.7270 7.5015 3.9445 -3.0991 4.5314 2.1175 0.3506 5.2953 -3.8930 1.4308 -3.7585 -6.1337 -1.8464 9.4859 6.6846 -2.5791 2.4221 -4.1776 0.2674 -0.2089 -3.8067 -3.6539 -9.7730 -11.1384 1.5163 -27.5786 -4.4081 17.9446 8.3311 -7.0724 3.1196 4.7924 11.3947 -4.1457 6.7201 -2.6771 1.6723 -1.0207 -3.7264 -7.2900 -5.2463 5.9044 4.7006 2.8155 2.1409 -0.1600 0.1258 -3.2276 -7.3130 -5.7788 -7.4616 8.8369 13.4276 20.0313 -3.9153 23.6121 -12.1662 -11.8485 2.5870 8.2419 -4.4211 -5.9675 -1.0488 -0.9274 -3.9804 -6.2093 -2.8386 -4.1203 -4.9185 4.8387 6.3699 1.3197 1.5734 5.9300 6.2968 -0.1783 2.2667 -1.9375 4.3984 2.6490 -13.4612 29.4215 -7.5298 -25.7493 -5.8561 0.4954 15.8275 -2.1405 -0.2215 -1.4606 -4.9502 -2.3730 -0.8507 -4.4084 0.3214 -5.6747 5.2590 1.0082 1.6985 -1.9455 0.0040 -0.3031 -3.4915 2.5106 -0.7026 -16.3399 2.5798 28.2788 -0.9753 11.6014 1.1148 -23.9948 -2.2741 8.8783 -4.0924 -5.0106 -6.1638 -2.5703 6.1916 -6.7204 -3.9314 0.9007 -0.2962 5.1188 2.8638 -2.9060 0.6935 -1.2393 2.7662 -1.2289 1.6166 -2.4075 -1.5643 -4.7248 2.8396 6.8210 2.8854 -1.4902 -2.4107 -15.6769 -9.5692 6.4240 6.4277 1.4068 4.3965 -5.7208 2.8425 3.0668 -3.5961 -0.1496 -3.1577 -4.9662 8.1721 -1.3357 0.9465 -0.4827 8.2560 -3.5282 -1.4998 1.0382 2.2865 0.4553 -0.1498 -1.1330 25.6533 5.9778 -1.2453 0.6442 13.7950 19.7522 1.2260 -6.2676 8.1861 -3.8480 0.3006 -1.6625 -2.0388 2.1572 -0.7303 0.3720 4.0036 2.1671 -0.4172 0.5009 -0.7510 -3.5939 4.5719 -0.6178 0.5769 -1.3214 -8.6707 -3.9974 34.7667 4.3791 -1.1722 8.1344 5.8846 14.5897 -2.1768 0.6276 -4.5096 1.9574 -2.3403 -1.0075 -2.5789 1.9943 -2.7243 3.6462 4.2259 -0.9042 -2.3477 3.5774 0.0562 2.4844 -0.8776 -2.6666 -0.8556 -4.8233 -2.2671 24.1808 31.0870 18.8648 -0.9490 9.9269 -9.2172 -7.3758 4.6333 6.3989 0.1977 -0.7300 2.2872 -2.1230 -5.7118 -3.3639 0.5552 4.5112 -1.5193 2.1839 3.7208 -1.9851 1.8510 1.1955 -0.2949 -6.3387 -1.1632 -4.2840 0.8616 22.5439 22.5643 35.5868 -17.8172 11.2224 -13.2386 9.7280 9.8918 2.7703 -3.1395 0.2850 -5.4817 -5.3136 -5.6536 0.4162 5.7725 7.9160 2.5667 -2.9727 -0.3463 -0.5247 -0.1818 -3.4170 -4.6764 3.1396 4.9626 5.4897 13.2878 6.2354 2.8746 0.2648 11.2080 -4.3631 4.9624 2.3559 -7.2562 -4.0500 0.9655 1.3968 -1.8659 -1.0584 -6.0942 -4.1994 2.8516 6.2132 -0.5685 -3.2045 -3.3321 1.5461 5.6873 4.4275 2.9782 0.7142 0.4890 -1.0230 4.2037 11.6621 1.2821 -3.5870 -1.0561 17.4649 8.4631 12.8978 13.0978 -4.9747 1.3960 -1.5521 -3.7548 1.1225 -1.0494 -4.1260 -0.9559 1.5422 3.4757 -0.0732 5.0294 -2.0672 6.1557 3.1473 9.2697 -6.5760 -0.6569 2.6639 1.5288 6.1867 -7.4928 5.8902 -5.9649 -10.4379 -15.0016 17.4517 -12.1804 2.2372 -0.0086 -0.5632 1.5617 -1.8446 2.9563 -7.8579 -4.1834 1.5612 1.7203 0.4270 6.2464 -2.4982 -4.2391 -0.4443 -1.5709 -0.7449 -2.3566 6.4023 12.0772 5.1403 7.0462 0.2995 -6.8806 -7.1774 10.2442 1.4335 -0.0239 4.8445 2.8480 2.9637 -0.1972 -1.7529 -0.3350 -8.1897 -4.2153 -9.7551 2.3930 -2.1784 0.4912 3.0123 0.2203 2.2094 8.8699 4.6211 1.4828 5.9845 -0.1090 6.7012 -13.0148 2.7460 -1.1278 0.2050 -7.5448 10.8759 -2.2925 11.8517 -4.5029 -2.5315 0.9625 -3.4155 -2.4655 -1.0825 -6.0610 -3.7404 -4.1431 0.6193 1.3339 0.9224 2.9203 1.3083 -0.2431 -7.1821 2.1274 -1.6101 -3.0478 4.5169 32.8110 -0.2647 1.1920 0.9274 0.2299 28.0718 19.5012 -2.4023 6.8454 2.6589 -3.9036 0.1939 -1.1004 1.7268 -3.7279 -2.9729 -2.5772 -4.2415 -3.6582 -5.0676 3.1138 6.2674 2.4135 21.4043 16.4315 1.0452 1.6633 -9.8599 11.4376 0.6686 1.0120 1.0752 3.1867 -0.3729 -12.1325 -3.4985 5.0949 2.3086 11.2541 2.8259 0.1122 -6.6246 2.7708 -0.2710 6.1212 -2.5585 -5.3731 -4.6190 -5.1488 -4.8430 -6.4605 11.0905 -1.1478 -0.0920 -2.5794 -5.2719 4.0602 0.0865 -1.0881 0.3529 -0.2289 -3.1503 -10.3494 -15.1974 -14.2941 -4.5442 -6.2334 -4.0072 -4.6842 3.7131 -5.4936 -14.9254 -8.6950 -4.8460 -3.7474 -5.9984 0.8898 -19.1210 -27.8489 -9.6996 -17.0789 3.9133 -11.3722 5.7673 0.8707 -0.3602 0.3016 -0.6091 -1.1189 -1.0188 6.6756 3.4339 8.0117 2.4446 1.3090 10.0168 -4.0377 -1.4779 -1.7779 9.2659 -26.6918 -3.6763 -3.9495 -8.5902 -23.0550 -11.6640 -24.0640 -24.9363 -24.0346 -4.6575 -1.6252 0.0506 -0.4561 -0.1351
	 Real: 1.0000 0.9783 1.3279 -0.0426 -3.2559 1.1449 1.2658 -1.3794 0.4936 -1.6656 -2.0541 -2.8379 -2.7870 -3.9536 -1.5832 -1.1793 1.0276 -0.0317 -0.0475 0.2451 -3.3181 -1.5549 -1.8854 -0.6792 -3.3186 -2.2674 3.1249 -2.0698 -2.7911 1.6748 -1.6856 2.5835 1.4150 -1.5613 0.8354 1.5523 11.1867 15.6052 19.1205 -34.0519 -42.9308 -39.6738 15.9473 14.1816 93.9331 47.5353 -33.7640 -49.3101 -32.8681 -35.7402 1.8035 4.8805 -0.4101 -1.2768 -1.7835 -3.5139 -1.0413 -2.9250 21.3967 -41.7810 -113.0488 -51.6952 5.6492 -31.6549 -46.1664 -46.7098 -46.1880 -24.5012 -1.0890 -0.7781 16.8628 13.6476 5.8282 3.1415 -40.4370 -24.8290 -21.2821 -65.7853 -70.2749 47.5655 48.4858 50.5341 1.6554 2.7340 -0.4227 2.4470 67.6337 -33.1802 -32.7384 -20.1037 -27.4315 -29.0378 -40.9276 12.9150 54.2008 57.9043 72.5548 55.4388 11.1214 0.7924 17.0088 2.6361 -18.7953 -4.3893 -4.5315 -16.4352 -7.4300 -69.2929 -35.4469 -4.6090 25.4496 1.8601 1.3568 0.1248 15.1696 -5.6243 108.3653 33.2978 -10.2862 32.2808 43.3963 43.7573 11.1703 20.1412 -5.1469 -2.6384 18.0867 3.4059 -0.2179 -10.3812 2.3826 4.9755 -0.1554 7.5898 7.1699 -3.2936 -18.7600 -40.8404 35.2883 17.9108 1.9190 1.0677 -88.0841 11.2282 -1.0958 106.5613 21.5158 3.0955 1.3223 18.7204 -12.4845 9.8567 -4.3365 -8.7918 -9.0163 -0.5445 1.4788 -16.4610 -0.7970 -7.3504 -6.2219 12.3686 4.1419 6.9609 16.1090 -14.1382 -49.9668 7.6141 2.3328 40.6943 4.9281 37.3911 8.7729 8.6557 -26.7396 16.1881 0.4029 3.5996 15.3432 4.2034 17.1190 10.6200 4.4334 -9.5598 5.3249 -9.5051 4.1638 -14.4726 5.7414 -19.1837 5.4929 -5.0356 10.8545 -66.7107 40.8614 47.2299 2.2511 95.0777 67.0199 6.5832 -19.8625 15.0644 15.4616 9.4949 4.3111 1.7325 -1.4234 0.3942 10.1506 16.9671 18.7128 -15.5919 -7.0870 -8.6242 -6.4019 2.1597 5.8098 -0.8983 -3.9963 -12.1801 -10.8011 -26.4712 29.0327 44.7394 91.4104 91.9552 54.8515 3.9016 25.3632 26.0408 -12.6702 6.7829 -4.9227 4.2052 -0.1361 -0.2654 -14.9411 -3.3372 9.5760 8.1022 -12.3090 -3.8317 1.5084 0.0918 -6.7991 -12.5929 -0.3602 -3.1079 -36.2939 -9.1153 13.1965 24.3857 -11.2881 42.4846 3.2652 12.4579 27.9581 -6.7607 10.7839 3.4865 3.1262 9.6355 -8.0953 2.9122 -10.1976 -20.5019 -7.9535 24.4537 20.6186 -8.1918 6.0351 -11.8175 -2.3242 -2.7017 -12.9328 -9.6706 -25.6092 -23.7846 4.0805 -86.3663 -10.0217 53.6455 49.8464 -4.9392 8.1970 6.2046 26.8216 -13.0968 14.5268 -5.6935 2.2931 0.4927 -13.9740 -16.7773 -13.2099 20.3013 14.6489 10.8095 1.6392 -3.2843 3.3685 -8.4770 -23.3475 -22.1720 -16.1390 34.1558 51.9883 73.0433 -6.7635 67.9725 -31.0285 -19.5528 10.2366 11.1883 -16.9618 -22.3078 -3.0051 -4.5113 -8.5901 -15.2084 -3.8607 -8.1372 -17.6006 10.3859 19.7974 5.1390 5.7055 17.3797 16.0916 -3.5232 -2.9871 -17.0725 -0.8666 32.9211 -20.6664 82.7880 -14.7666 -56.4607 -13.5190 5.2287 44.2327 1.1547 -1.0259 -0.0058 -8.4085 -3.7857 4.4501 -8.1357 6.9320 -14.7607 8.7712 -1.1246 5.2047 -7.8045 -0.6397 -4.8803 -11.3437 4.7843 -7.4120 -54.8691 6.2454 74.2423 -20.0454 32.1749 -1.4493 -47.8807 -0.0967 37.7996 -7.9759 -0.6004 -10.1294 -2.9022 21.6672 -16.6186 -9.3081 5.9537 1.5286 12.2953 2.3658 -8.2164 3.3251 -2.0835 7.9156 -4.2099 1.7589 -3.5294 2.0846 -12.1521 17.5441 23.0885 1.4520 19.4286 -6.6144 -24.6611 -44.8239 16.9432 24.0249 12.4302 17.6644 -14.3715 8.9028 12.4336 -8.0564 -2.1165 -11.0665 -14.0334 15.4879 -5.6696 1.8384 0.4041 21.2825 -4.1070 -0.6727 9.1692 10.7974 7.0317 12.9178 -12.6879 82.2490 27.3704 -6.3342 0.9374 54.9461 58.7047 1.7546 -17.9992 21.8347 -11.8450 0.3438 -3.8623 -7.0999 9.3642 -4.2580 -2.4968 8.8314 4.1230 -1.2287 0.8747 -1.9404 -5.8888 13.7227 -1.6143 5.6823 3.6317 -15.5133 -12.0262 111.1980 5.7183 -4.3146 47.0290 42.5061 46.2922 -9.3636 -0.5460 -7.1268 8.1266 -6.2211 -0.7914 -9.4607 2.4973 -5.5858 7.5282 11.6968 -2.5927 -4.3898 11.2409 3.1918 8.3351 4.2750 4.7435 4.3262 -12.3651 1.8508 81.5942 68.5885 58.0410 -2.4507 44.5642 -14.7803 -23.7582 11.3005 14.8285 3.1872 -2.6052 5.2085 -9.2871 -11.4809 -9.8687 -2.6512 10.7928 -3.9995 9.0037 12.8312 0.1084 9.9846 4.8158 5.6708 -12.3114 0.9664 -16.9269 11.3877 65.7889 45.3240 77.7045 -75.8378 56.6645 -39.3461 29.6979 29.9372 3.4334 -7.4378 -4.2403 -14.8809 -21.0834 -18.3712 0.8067 15.9496 19.2621 5.5486 -6.0589 -0.4236 1.0532 3.8787 -7.2495 -11.9805 13.4287 13.8540 14.1427 38.9432 0.0649 9.7510 -1.2682 42.9090 -31.9875 36.7683 7.9731 -22.0063 -8.9655 6.0257 2.1324 -6.1129 -5.9457 -26.1274 -14.7734 7.6238 18.1848 -0.1788 -10.6072 -6.2327 2.0393 14.7605 8.9018 5.3163 0.1871 -5.3813 -13.6135 11.9677 41.8836 -6.3512 4.2619 -1.6927 33.0993 22.9294 55.9007 37.2840 -11.4637 5.8255 -2.7967 -10.6571 2.2022 -1.4996 -11.3490 0.0490 9.0161 9.4742 -1.3831 12.2498 -8.4751 17.7773 6.0872 25.1293 -26.1358 -11.4763 3.4955 -10.2478 22.7448 -37.4449 15.7539 -13.3042 -9.3968 -28.7422 59.3333 -28.6764 3.3476 1.5061 -0.6660 3.8167 -5.2846 7.5214 -24.9738 -9.3874 6.3573 5.0788 3.9460 19.0149 -6.6713 -11.4129 -2.7023 -8.0286 1.6456 -7.3875 11.3048 31.8855 14.7270 8.5365 1.7019 -16.8872 -9.9548 44.3222 -5.3528 -0.1951 8.6511 3.0592 7.3405 2.0339 -2.4396 -0.1666 -20.9689 -11.1322 -28.5934 7.2739 -12.5985 2.2256 7.7871 -2.7868 11.1007 24.5411 13.0443 5.2568 15.2104 -8.1120 1.3970 -39.9036 7.6333 -1.7692 3.2756 -26.4672 39.8850 8.8843 33.0001 -9.7143 2.0930 -0.5167 -7.7247 -4.8808 -2.7989 -18.1050 -11.9950 -11.4420 -0.5820 4.7351 4.6695 8.5312 4.4164 1.3820 -21.6155 12.2811 3.0189 -14.4087 9.2681 93.9991 -3.5153 2.7935 3.3056 -1.9641 93.3119 74.5591 7.8056 25.2273 7.8781 -12.9142 3.4006 -2.0442 4.7124 -9.2135 -7.9599 -6.9771 -5.4834 -12.8230 -21.1033 9.1552 21.3791 9.1043 55.5575 41.8931 -2.6285 -9.2555 -26.0536 12.8779 1.2566 2.8835 0.2448 5.4463 2.3149 -24.7648 -13.8619 4.0716 8.8896 26.8318 4.4814 -2.6492 -18.4254 7.0722 -1.3884 14.6551 -4.4332 -15.5209 -15.8697 -20.7760 -11.9738 -26.0325 34.1920 -3.0019 0.0584 -9.9680 5.5863 7.7935 0.8715 -3.1919 2.0480 0.1733 0.1688 -37.7038 -44.7044 -45.2119 -15.0224 -17.2920 -18.6039 -15.8744 10.3741 -22.4489 -44.9914 -38.6113 -14.3132 -20.3135 -18.2342 -7.9325 -65.8548 -95.9805 -31.5272 -56.0719 -11.5662 -57.5923 22.8632 2.1776 -2.1371 2.9257 -2.1198 -2.0813 -2.6551 29.9375 20.7417 20.7359 -9.0357 -4.3115 32.2172 -16.0288 -6.0339 -12.3946 47.1757 -87.7288 -13.3316 -8.5981 -26.6506 -63.4247 -36.8434 -76.4790 -57.2021 -59.6019 -9.6796 -2.4990 -2.0080 -0.5659 -1.4766
Neuron 7 maps on to neuron 3 with error 0.09419291330562117 ratio 0.9848070251658291
Bias check [317.55221014]
Real:  [array([[-0.03580893,  0.05634032,  0.07100821, ..., -0.03991121,
        -0.05992312,  0.0791714 ],
       [ 0.05141872, -0.0041902 , -0.06618772, ..., -0.06979257,
         0.00617263,  0.04549158],
       [-0.05999186, -0.00621013,  0.03685959, ..., -0.07360324,
         0.04099334,  0.02744931],
       ...,
       [-0.01574616,  0.03333514,  0.05910247, ..., -0.05982   ,
        -0.02001428, -0.0603116 ],
       [-0.01104331, -0.07043658, -0.0347596 , ..., -0.06278332,
         0.05406541,  0.00828191],
       [-0.03293013, -0.02898097,  0.01082176, ..., -0.01047512,
         0.07114102, -0.0830088 ]]), array([-0.03170475,  0.5638124 , -0.0201629 ,  0.07372414, -0.02790499,
        0.67110701,  1.09729235,  0.15250526])]
Corrected:  [[ 0.06674331 -0.05634177  0.02462679 ... -0.03992117  0.03645835
  -0.07916595]
 [-0.0463926   0.00419315  0.02409461 ... -0.06980469 -0.02536935
  -0.04555396]
 [ 0.08494143  0.00621063  0.03270477 ... -0.07362845  0.07944829
  -0.02735039]
 ...
 [ 0.00337725 -0.03333621 -0.04945619 ... -0.05980481 -0.01350467
   0.06032241]
 [-0.03044477  0.0704394  -0.01394058 ... -0.06278556  0.01103459
  -0.00829901]
 [-0.00901849  0.02898099 -0.03638086 ... -0.01045941 -0.00506559
   0.083028  ]] [[ 3.85658392e+01]
 [-5.61576761e-01]
 [-1.19357650e-01]
 [-3.17478486e+02]
 [ 1.08930426e+00]
 [ 5.50607231e-01]
 [-2.18109637e+01]
 [-1.39021667e-01]]
Original Neuron 0 maps on to recovered neuron 6
ERROR LAYER EXTRACTED INCORRECTLY
Original Neuron 1 maps on to recovered neuron 4
ERROR LAYER EXTRACTED INCORRECTLY
Original Neuron 2 maps on to recovered neuron 2
ERROR LAYER EXTRACTED INCORRECTLY
Original Neuron 3 maps on to recovered neuron 7
ERROR LAYER EXTRACTED INCORRECTLY
Original Neuron 4 maps on to recovered neuron 1
ERROR LAYER EXTRACTED INCORRECTLY
Original Neuron 5 maps on to recovered neuron 3
ERROR LAYER EXTRACTED INCORRECTLY
Original Neuron 6 maps on to recovered neuron 5
ERROR LAYER EXTRACTED INCORRECTLY
Original Neuron 7 maps on to recovered neuron 0
ERROR LAYER EXTRACTED INCORRECTLY
