
Check the solution of the last weight matrix.
Neuron 0 maps on to neuron 1 with error 4.580245122854933e-07 ratio 0.16042730603337033
Bias check [4.93410959e-05]
Neuron 1 maps on to neuron 7 with error 4.823068020050675e-07 ratio 0.23363567681306494
Bias check [-1.11165741e-05]
Neuron 2 maps on to neuron 3 with error 3.276645524566439e-07 ratio 0.09231184817537731
Bias check [2.65690676e-06]
Neuron 3 maps on to neuron 5 with error 2.932954162851977e-07 ratio 0.26768287496178367
Bias check [9.94366592e-05]
Neuron 4 maps on to neuron 9 with error 2.6667092991370505e-06 ratio -0.2546573957557776
Bias check [1.82369312e-05]
Neuron 5 maps on to neuron 6 with error 2.5392779296169165e-07 ratio 0.15254985970142526
Bias check [-1.61698689e-05]
Neuron 6 maps on to neuron 8 with error 5.6702104459371505e-06 ratio 0.24675923028905614
Bias check [2.95150622e-05]
Neuron 7 maps on to neuron 4 with error 4.2890790967230093e-07 ratio 0.14852316144053054
Bias check [-1.22832548e-05]
Neuron 8 maps on to neuron 2 with error 2.0781942236622525e-06 ratio 0.1222170570965023
Bias check [-0.00324733]
Neuron 9 maps on to neuron 0 with error 8.070949224479957e-07 ratio -0.2421910818242009
Bias check [-5.50988026e-07]
Real:  [array([[-2.35231719e-02,  1.33633317e-01, -7.03469938e-02,
        -1.26113321e-01, -2.24959231e-02, -1.70883872e-01,
        -1.00834350e-01, -8.73293577e-02, -1.92584843e-01,
         2.20963406e-01],
       [-1.09388781e-01,  9.29401451e-02, -1.97552662e-01,
        -1.46421905e-01, -2.23842320e-01, -1.10134180e-01,
        -8.14335562e-02,  5.95932683e-02,  2.03762643e-01,
        -1.93538883e-01],
       [-4.99208108e-02, -2.05202564e-01, -2.49676294e-01,
        -1.77587553e-01, -1.18039188e-01, -2.43608899e-03,
         1.85766016e-01, -1.07116978e-01,  2.13418675e-01,
        -1.52251730e-01],
       [-1.89172908e-01,  6.31807966e-02,  2.69783806e-01,
         2.48499926e-02,  2.09018979e-01, -1.99657016e-01,
         7.88219804e-02,  1.74748153e-01, -2.18058418e-01,
         6.39679291e-02],
       [-2.64727223e-02, -2.34114490e-02,  5.39015959e-02,
         2.11761659e-01, -8.83736817e-03, -7.49991097e-02,
        -1.90402872e-01, -1.13660501e-01,  9.34140725e-02,
         5.12492891e-02],
       [ 1.74532210e-01, -1.13595424e-01,  1.42257068e-01,
        -1.35318891e-01,  1.33982384e-01,  1.15427137e-01,
         1.52549897e-01,  2.50253899e-01,  2.46759156e-01,
        -1.98295237e-01],
       [ 9.93375982e-02, -1.37129474e-01,  1.42153540e-01,
        -2.17280332e-01,  2.13693844e-01,  1.97048191e-01,
         7.74572232e-02,  2.06320121e-01,  1.88143540e-01,
         2.52152622e-01],
       [-1.92855530e-01, -4.37853777e-02, -1.70110728e-01,
         1.05609974e-01, -1.06248690e-01,  2.36132701e-02,
         1.58667046e-01,  1.22050434e-01,  1.88708005e-01,
        -4.66453185e-02],
       [-2.45903273e-01, -4.70207494e-02, -2.26410459e-01,
        -1.22248096e-01, -2.03996870e-01,  1.03824592e-01,
         1.89508946e-01, -4.32593931e-02, -6.26539975e-02,
         1.95149472e-01],
       [ 1.16280781e-02,  1.09182255e-01,  6.41133021e-02,
        -2.15258007e-01,  1.70304384e-02,  2.14054427e-01,
        -1.04322126e-01,  1.69445335e-01,  7.73184548e-02,
        -2.65066126e-02],
       [ 1.42671122e-01, -6.95580316e-02,  1.28889425e-01,
         1.94069868e-01, -3.65433981e-02, -6.95274953e-02,
         2.00020738e-01, -2.23446655e-01,  1.22267253e-02,
        -2.22945223e-02],
       [-1.15347265e-01,  1.64991071e-01,  1.93240784e-01,
        -1.14268990e-01,  2.36231808e-01,  1.64809742e-01,
        -9.69154227e-02, -2.25912457e-01,  3.53870588e-02,
        -1.79133887e-01],
       [ 1.77322052e-01,  2.19111447e-01,  1.29571927e-01,
         9.05034578e-02, -5.97635671e-02,  9.08358287e-02,
        -1.56092912e-01, -1.04284031e-01, -5.12928200e-02,
         1.14930303e-01],
       [-6.18357259e-03, -1.48429836e-01,  2.53294965e-02,
         1.82861078e-01, -9.14244251e-02, -1.36226230e-01,
         1.92594100e-01, -1.45028413e-01,  3.76665458e-02,
         1.65931633e-01],
       [-9.65756514e-02,  1.92839279e-01, -9.75444232e-02,
        -1.44054185e-01, -1.96560323e-01,  1.03204904e-01,
         1.28685014e-01,  2.28169666e-01, -6.69511801e-02,
        -1.09038335e-01],
       [-1.64733560e-01, -2.52284518e-02,  2.54599641e-01,
        -2.70465019e-03,  3.27785372e-02,  1.69330860e-01,
        -3.20276401e-02,  1.51452672e-02,  1.84538907e-01,
        -8.37749283e-02],
       [-1.54128911e-01, -2.24994551e-01, -1.78974194e-01,
        -1.39196491e-01,  2.69464098e-01,  7.13115342e-02,
         6.35134156e-04,  9.41369265e-02, -9.97375637e-02,
         5.05272782e-02],
       [-1.41921460e-01, -1.36093361e-01, -8.11512944e-03,
        -1.47003520e-01, -3.59819207e-02,  1.03123164e-01,
         1.26905052e-01, -1.39309798e-01, -1.39127872e-01,
         9.02780502e-02],
       [-1.54410065e-01, -1.33936407e-02, -1.46062118e-01,
        -5.88204295e-02,  2.42999429e-01, -4.88008603e-02,
        -1.76493241e-01, -8.53368475e-02,  9.87998260e-02,
        -1.03879759e-01],
       [-1.20940861e-02, -2.21091973e-01,  2.46013663e-01,
         2.26947407e-01,  2.02365984e-01,  1.76091915e-01,
         1.27971566e-01, -2.23977334e-01,  4.15894168e-03,
         2.35893702e-01],
       [-3.93008502e-02, -2.83198077e-02,  1.67952269e-01,
         9.15011113e-03,  9.76609582e-02, -8.27297858e-02,
         2.71806210e-01,  1.60989994e-01, -2.58183542e-01,
        -1.34049664e-01],
       [-2.41809600e-01, -1.49097284e-01, -2.00763060e-01,
         1.56589952e-01, -2.24687177e-02,  2.31342873e-02,
        -1.90501192e-02, -5.94157414e-02, -4.78460990e-02,
        -6.94189331e-02],
       [ 5.49700792e-02,  1.66196416e-01,  1.51630871e-01,
         2.14862381e-01,  5.36714848e-02, -2.24240373e-01,
        -6.40226183e-02, -2.46330168e-02,  1.68333416e-01,
         1.01209276e-01],
       [ 1.75217594e-01,  2.02869424e-01,  2.48129304e-02,
         4.99178259e-02,  1.93596100e-01,  1.66441476e-01,
         1.53595341e-01,  1.59583366e-02, -1.43290061e-01,
        -2.29831362e-02],
       [-5.90753317e-02, -6.65804148e-02, -2.12668566e-01,
         1.57970512e-01,  7.56887012e-02, -4.13178080e-02,
         2.20171922e-01,  4.16042459e-02, -1.01936608e-02,
        -2.32996314e-01],
       [ 1.75132690e-01, -1.88009681e-01, -6.20334140e-02,
         7.45767754e-02,  1.08875476e-01,  1.49641884e-01,
        -1.05722502e-01,  2.29017128e-02, -5.19923904e-02,
         8.08346390e-02],
       [ 4.86123391e-02, -2.29285277e-01,  1.86655163e-01,
        -6.82933749e-02,  2.28346307e-01,  9.78175408e-02,
        -1.67501943e-01,  9.04388390e-02,  3.60742205e-02,
         9.44253530e-02],
       [ 2.05075606e-01,  3.85537228e-02,  2.32042317e-01,
        -1.53471355e-01,  1.08295228e-02, -6.27088334e-02,
         1.48191155e-01, -1.81072083e-01, -2.50282047e-01,
         2.24221571e-01],
       [ 9.20674250e-02,  8.51675753e-02,  2.67230229e-01,
         1.40655766e-01,  8.40620476e-02, -1.03755678e-01,
        -1.72404111e-01, -1.81584871e-02, -8.03917255e-02,
        -1.91722567e-01],
       [ 3.16654733e-03,  1.41905772e-01, -2.24647989e-01,
         5.97391555e-02,  1.86472636e-02, -1.33956626e-01,
        -2.01280343e-01, -1.11164853e-02, -7.51378384e-02,
        -3.60386556e-02],
       [ 1.96943974e-01,  1.19783109e-01,  9.39746860e-02,
         1.67902005e-01,  9.93675162e-02,  1.22425204e-01,
        -6.24680137e-02,  1.64244354e-01,  1.81258112e-01,
         1.56894115e-01],
       [ 1.16536063e-01,  4.07426808e-02, -8.94761285e-02,
         4.16368664e-02,  2.51597382e-02,  1.61320510e-02,
        -2.40382196e-02,  1.21089880e-01,  1.63403065e-01,
         1.48446694e-02],
       [-8.82755331e-02,  5.14407489e-02, -2.06656575e-01,
        -5.12770710e-02,  1.12932948e-01,  1.45786090e-01,
        -1.95129637e-01,  2.05540551e-01, -3.62543922e-02,
        -1.66583482e-01],
       [ 7.07579574e-02,  1.23126023e-01,  1.20573002e-01,
        -2.60888212e-01, -1.08847322e-02, -1.07426221e-01,
         1.32397630e-02,  2.08699824e-01,  2.60271782e-03,
        -2.54657451e-01],
       [-6.25109882e-02, -1.07116428e-01,  9.85807794e-02,
         1.24056657e-01,  1.29027656e-01,  2.52558283e-01,
         1.68666089e-01,  1.15270812e-01,  9.97999112e-02,
         2.97914790e-02],
       [-1.27674407e-01,  1.46797725e-01,  8.51677640e-02,
         1.22654422e-01,  1.45155064e-01,  1.83882479e-01,
         3.01468818e-02, -9.78135138e-02,  1.75606356e-01,
         1.14629641e-01],
       [-1.33724657e-01, -2.21483176e-01, -1.19843136e-01,
        -7.19416938e-02,  6.89989620e-03, -1.45413351e-01,
        -2.53212233e-02,  5.82741277e-03, -7.96980863e-02,
        -7.77818131e-02],
       [ 4.38892183e-02,  1.67109136e-01,  1.06976846e-01,
         2.51661442e-01, -6.26477201e-02,  2.54443119e-02,
         1.18905008e-01,  5.95616511e-02, -8.45950184e-02,
         6.18490398e-02],
       [-2.28120645e-01,  1.30202655e-01,  2.32394303e-02,
         1.49173222e-01,  6.66194851e-02, -3.00422131e-02,
         7.20381281e-02, -2.96728912e-02,  1.09671154e-01,
        -1.55954010e-01],
       [ 1.62216937e-01, -2.30465806e-01, -1.86825398e-01,
        -1.22354755e-01,  2.25081269e-01,  1.54721143e-01,
         4.79620937e-02,  4.74878428e-02, -4.57457772e-03,
        -1.80525066e-01],
       [-9.15208023e-02, -2.00622563e-01, -1.10624140e-01,
        -3.89472593e-02,  1.22505480e-01, -5.59026049e-02,
        -1.65875663e-01, -1.25890737e-02,  1.66745319e-01,
        -1.75553290e-01],
       [ 1.51681202e-01,  8.25225915e-02, -1.67539312e-01,
        -1.20603500e-02,  3.33052933e-02, -8.91957689e-02,
         1.47434949e-01,  1.82071628e-01, -9.58515901e-02,
         6.91142311e-02],
       [-1.40271747e-01,  5.53563144e-02, -2.17433321e-01,
        -9.79653433e-02, -6.48923563e-02,  4.20939653e-02,
        -1.89493690e-01, -4.17585496e-02,  1.07323207e-01,
         1.40125014e-01],
       [ 8.51371744e-02, -1.33831110e-01,  2.28384924e-01,
         1.77598317e-01, -2.28609780e-01,  1.36383134e-01,
        -9.88355049e-02, -1.08546162e-02, -9.06493331e-03,
         1.84921932e-01],
       [-3.30278816e-02,  1.76013291e-01,  1.16394320e-01,
        -6.32010473e-02, -2.41740844e-01,  1.22388454e-01,
         4.86079291e-02,  1.52681160e-01,  2.29042487e-01,
        -1.11570412e-02],
       [ 5.09653621e-02,  7.19000915e-02,  4.43387320e-02,
         1.32132343e-01,  2.43730060e-01, -2.45222068e-01,
         8.58204546e-02,  2.09271748e-01,  1.07013106e-01,
         1.37753846e-01],
       [-1.38908468e-01, -5.17114411e-02,  2.62384040e-01,
         2.12509277e-01,  6.76907308e-02,  1.04885705e-01,
         3.00248742e-03, -5.88172382e-02, -4.35929362e-02,
         1.86713434e-01],
       [ 1.69592792e-01, -1.95197646e-01,  4.48422009e-02,
         2.59744480e-01, -2.90317468e-01,  4.66876117e-02,
         1.29148810e-01,  8.31276259e-02,  1.63979107e-01,
        -1.47339875e-01],
       [-4.41360027e-02,  9.73064491e-02, -1.88572308e-01,
        -1.98621610e-01,  2.61221494e-01, -7.17969996e-02,
         1.22976099e-01, -1.06396539e-01,  1.80434202e-01,
        -1.60260057e-01],
       [ 1.45546072e-01, -1.86847674e-01,  7.77045075e-02,
        -1.45996446e-01,  2.28907431e-01, -1.16801858e-03,
        -1.92947032e-01, -1.49722607e-01, -1.63670462e-01,
         7.22170304e-02],
       [ 1.32132325e-01,  1.64443826e-01,  8.55232292e-02,
         2.47108492e-01, -1.39132269e-01,  7.22463301e-02,
        -2.73152885e-01,  2.05529172e-01, -8.72740383e-02,
         1.00336863e-01],
       [ 7.30656618e-02,  1.39760200e-01, -1.66387946e-01,
         4.89428448e-02,  1.48523122e-01,  1.78799973e-01,
        -2.38460167e-01,  4.37280654e-02, -1.34390869e-01,
         9.41059037e-02],
       [-1.62903044e-01,  1.47183089e-01,  2.08050203e-01,
         1.80707153e-02,  5.02557933e-02, -4.54868031e-02,
         1.96119726e-02,  3.01329304e-02, -1.60406847e-01,
        -1.75329261e-02],
       [ 9.48434386e-04, -4.51873814e-03,  3.32000817e-02,
         1.64702592e-01, -1.73861226e-01,  1.97364614e-02,
        -1.54118564e-01,  4.05821346e-02, -1.16507561e-01,
         1.26503330e-02],
       [-1.13089580e-02, -6.11831166e-02, -7.31578879e-02,
         1.80689330e-01,  7.71525325e-02, -2.56740920e-01,
        -9.70252074e-02, -2.78496890e-02, -5.42849320e-03,
         1.74464340e-01],
       [ 1.56349392e-01,  2.06765421e-02, -1.50843031e-01,
         1.67295622e-01, -2.08990068e-01, -2.62314196e-01,
        -2.35301431e-01, -3.30209441e-02,  1.98364888e-01,
         7.97042748e-03],
       [-1.22100613e-01,  1.94017734e-02, -1.62871369e-01,
         1.70177535e-01,  5.81088547e-02, -1.00595500e-01,
         1.25696087e-01,  1.96303554e-01,  1.89159513e-01,
         1.64972039e-01],
       [ 7.50921745e-03,  1.21787516e-01,  1.24250523e-01,
        -5.43854594e-02,  1.14693071e-01, -1.89102263e-01,
         2.42413140e-01,  1.49956919e-01, -1.42397791e-01,
        -4.03639314e-02],
       [-1.93410709e-01,  2.28014279e-01,  9.28404511e-02,
         9.49633556e-02,  4.61873992e-02, -2.62894314e-01,
         2.79313221e-04, -1.48983288e-02,  1.69818792e-01,
        -4.93135258e-02],
       [-2.44054660e-01, -6.92380362e-02, -2.10494530e-02,
         7.37207448e-02, -6.46048835e-02,  8.95456735e-02,
        -3.92751402e-02, -2.06957146e-01, -2.34838849e-02,
         2.50217770e-01],
       [ 6.17269129e-02, -3.09165379e-02,  7.70068955e-02,
        -9.45384254e-02, -4.17024010e-02, -3.32984395e-03,
         1.67352879e-01, -2.06573640e-01,  7.89785965e-02,
         9.50962301e-03],
       [ 2.34379116e-01, -8.00586156e-02,  1.83834049e-01,
         1.81558207e-01,  7.24024292e-02, -1.51985275e-01,
        -8.98678961e-03, -1.21043015e-01, -9.40022883e-03,
        -9.13112023e-04],
       [-2.66910140e-02, -1.28702043e-01,  8.43573996e-02,
        -1.63488176e-01, -7.55729622e-02,  1.39878089e-01,
        -1.77192617e-01,  1.11147038e-02, -5.62171307e-02,
         1.22448371e-01],
       [ 1.08350398e-02,  1.23635277e-01, -1.15465606e-02,
         7.52250058e-02, -2.35273417e-01,  6.33851905e-02,
        -2.73856677e-01,  1.73502373e-01, -1.70177978e-01,
        -1.71135814e-01],
       [-6.29698863e-02, -1.30816734e-01,  1.11944911e-01,
        -4.00946290e-03, -1.11056132e-01, -7.45100300e-02,
         1.80212854e-01, -5.26638199e-02,  3.43925738e-02,
         1.20264834e-01],
       [-7.19569764e-02,  1.38573601e-01,  1.98245887e-01,
        -3.09728590e-02, -3.60102348e-02, -9.92189098e-03,
         5.06112651e-02, -8.96724398e-02, -8.23500615e-02,
        -1.66531435e-01],
       [-1.50907311e-01, -2.01724073e-01,  2.90809230e-02,
        -5.28657026e-02,  1.74893102e-01, -3.43112441e-02,
        -1.61313578e-01, -2.07062191e-01, -1.90824170e-02,
         2.31974606e-01],
       [ 7.57345035e-02,  1.85099213e-01, -1.75370613e-01,
        -2.13267636e-01,  1.47186582e-01, -7.81590535e-02,
         1.69527413e-01,  2.33635631e-01, -1.67498870e-01,
         2.25933096e-01],
       [-2.69814789e-01, -1.69497623e-01,  1.22322158e-01,
         1.21156366e-02, -2.46952693e-01, -2.56766072e-01,
         4.62340549e-04,  9.02990333e-02, -1.16706817e-01,
        -2.78935354e-01],
       [-3.99747305e-02,  4.18757496e-02, -5.33143320e-02,
         5.41345584e-02, -7.48429644e-02, -9.18310778e-02,
         2.91458821e-02,  2.24218522e-01, -1.93718640e-01,
         1.32208862e-01],
       [ 1.57452855e-01, -2.49418327e-01, -1.14588186e-01,
         2.05753537e-01, -1.64826575e-01, -1.79748703e-01,
         1.01946549e-01,  2.34198595e-01,  1.27608093e-01,
         7.38547543e-04],
       [ 1.44319850e-01,  1.10237773e-01,  1.69430501e-01,
         9.23118913e-02,  1.47243295e-01,  2.26622210e-01,
         1.26827067e-01, -1.30717073e-01, -1.79739710e-01,
        -2.20494203e-01],
       [ 6.65439541e-02,  9.41553154e-02, -1.40271519e-01,
        -7.25992553e-02,  9.29831243e-02,  7.72757007e-02,
         1.94140135e-01, -2.32845250e-01, -1.83949077e-01,
        -6.28427524e-02],
       [-1.92231216e-01,  1.33494934e-01, -3.16853463e-02,
        -1.20290306e-01,  2.23049473e-02, -1.61644711e-02,
         1.80834848e-02,  7.38243254e-04, -1.20058250e-01,
        -2.16073104e-01],
       [ 9.45632811e-02, -1.73156742e-01,  1.24045376e-01,
        -8.70114346e-02,  3.36706229e-02,  1.06901847e-01,
        -1.53075673e-01,  2.08448032e-01, -1.89741469e-01,
        -4.31220494e-02],
       [ 1.33133720e-01, -2.50507810e-01, -2.24114319e-01,
         1.05924718e-01, -8.22194253e-03,  1.01625208e-01,
        -9.31356458e-02,  1.56183664e-01,  1.47432070e-01,
        -2.26588227e-01],
       [ 8.20913433e-02,  1.40707693e-01, -1.26420026e-01,
        -2.15908765e-01,  2.10557077e-02,  6.46646224e-02,
        -1.62992583e-01,  3.23804883e-02, -1.44065502e-01,
        -1.16950261e-01],
       [-1.42903854e-01,  7.36691028e-02,  1.39448490e-01,
        -1.80709528e-01,  1.37128176e-01, -1.36870558e-01,
         1.68311632e-01, -1.13950184e-01, -1.15036837e-01,
        -1.86552611e-01],
       [-2.42191100e-01, -4.32968994e-02, -1.13011115e-01,
        -1.32961138e-01, -5.26518735e-02, -6.69812162e-03,
         4.05740028e-02,  3.50557273e-02,  1.88221083e-01,
        -1.75215493e-01],
       [ 6.71068571e-02,  1.63568268e-01,  8.78142894e-02,
         1.36076282e-01,  8.82616901e-02,  1.93550895e-01,
        -5.56006267e-02,  1.17693998e-01,  2.95146300e-02,
         1.74803927e-01],
       [ 6.58750897e-02,  1.38043166e-01, -4.42327190e-02,
         2.99098477e-01,  1.61384520e-01, -9.49101689e-03,
         1.99949043e-01,  6.96420405e-02, -2.19152128e-01,
        -1.37145863e-01],
       [-2.69573372e-02,  2.25767942e-01, -1.68436629e-01,
        -5.30010278e-04, -1.51841358e-02, -1.81647767e-01,
        -2.25904477e-01, -9.82404669e-02,  1.38500863e-01,
         6.80707202e-02],
       [-6.43113274e-02,  1.60427283e-01, -3.68936403e-02,
         2.30828741e-02,  1.69069789e-02,  2.54430741e-01,
         1.62131580e-01,  1.71722315e-01, -2.29012621e-01,
        -2.10577789e-01],
       [ 3.55610430e-02, -6.92117877e-02,  5.26718057e-02,
         2.79502130e-02, -4.27687475e-02,  1.01413349e-01,
         8.46685381e-02,  3.71509982e-02,  1.80713173e-01,
         2.36400163e-01],
       [ 1.29727376e-01, -2.07016585e-01, -1.66244538e-01,
         5.87522339e-02, -7.98618931e-02, -1.09867341e-02,
         2.07771019e-01, -1.23748871e-02, -3.19417678e-02,
         5.60552382e-02],
       [ 1.47045361e-01,  1.52398969e-03, -2.14224263e-01,
        -4.02420743e-02, -1.14410432e-01, -2.33304257e-01,
        -1.19858706e-01, -1.30666118e-01,  1.32516281e-01,
        -1.11899676e-01],
       [ 1.54438610e-01, -2.43474883e-01,  1.19327113e-01,
         9.03513489e-02,  1.40549274e-01, -7.02929040e-02,
        -1.92673508e-01,  7.08478131e-02,  7.48870839e-02,
         6.24375580e-02],
       [ 1.67623882e-01, -2.21285444e-01, -1.18585391e-01,
        -2.15627798e-01, -1.36648611e-01,  1.42462238e-01,
        -1.19301633e-01, -1.71176311e-01,  1.34472595e-01,
        -2.01420418e-01],
       [-4.22094445e-02, -1.12921062e-01,  9.52735615e-02,
        -2.32924436e-01,  9.45236212e-02, -2.62155742e-01,
        -1.49812872e-01,  2.91706555e-02,  5.42680595e-02,
        -8.36709687e-02],
       [ 3.05059487e-02,  5.52734873e-02,  3.89053178e-03,
         2.14611997e-02, -3.32369758e-02, -9.81185089e-03,
        -1.88773595e-01,  1.13540525e-01,  1.21879551e-01,
         1.18832608e-01],
       [ 4.55556351e-02, -1.38516428e-01, -1.22456245e-01,
        -3.32719707e-02, -1.82002805e-01,  2.67682860e-01,
        -2.46477117e-01,  3.99085058e-02,  1.15682252e-01,
         1.29464204e-01],
       [-3.15210660e-02,  3.11079532e-02, -5.20920636e-02,
         2.82070983e-02,  1.03728481e-01, -1.59893979e-01,
        -2.55345103e-01, -1.47081747e-01, -9.53922490e-02,
         9.02444170e-02],
       [-5.27003259e-02,  1.66149030e-01, -1.96320370e-01,
         4.73276666e-02,  1.15708650e-01,  7.77345876e-02,
        -3.92265266e-02, -1.80763448e-01,  1.35161044e-01,
        -6.97314853e-02],
       [ 4.61679387e-02, -1.86044167e-01, -1.83247580e-01,
         2.43841483e-01,  1.09703092e-01,  9.31810902e-02,
        -8.34523077e-02,  1.75792123e-01, -1.47220510e-01,
         2.67870759e-02],
       [ 6.15478185e-02, -1.61799854e-01, -8.88356783e-02,
         2.30929285e-02, -1.56094146e-01, -1.84280822e-01,
        -1.61808387e-01,  1.29028509e-02, -1.72300387e-01,
         2.18124134e-02],
       [-1.23004687e-01, -2.31698317e-01, -1.06237494e-01,
        -3.92968176e-02,  1.41650055e-02,  3.54765938e-02,
        -5.72533422e-02,  2.04072324e-01, -1.38853698e-01,
        -1.57102590e-01],
       [-7.91207346e-03, -6.25886605e-02,  1.63445292e-01,
        -3.86040324e-03, -3.56731431e-02,  2.02540951e-01,
        -1.42428895e-01, -2.16280496e-01,  1.04331855e-01,
        -1.11343521e-01],
       [-1.17218988e-01,  7.71209023e-02, -1.42508873e-01,
         1.46476680e-01,  2.14005625e-01, -2.05215639e-01,
        -5.18206496e-02, -1.00239112e-01, -9.66882140e-02,
        -1.12075997e-01],
       [-2.27701795e-01, -7.28678893e-02,  1.22217047e-01,
        -1.81318636e-02,  2.10400001e-01,  2.52480852e-01,
        -6.35031449e-02, -2.07588320e-01,  1.93569841e-01,
         1.22593453e-01],
       [-7.88561288e-02, -4.89075414e-02,  1.56105301e-01,
        -2.69001464e-02, -1.46713917e-01,  1.17459902e-01,
        -1.59593473e-01, -2.28912587e-01,  1.55094994e-01,
         4.76212271e-02]]), array([-0.05371419, -0.015699  , -0.00379587,  0.03500946,  0.07977962,
        0.0546796 ,  0.08612783, -0.0035272 , -0.05356917,  0.07676798])]
Corrected:  [[ 2.35232562e-02  1.33633329e-01 -7.03470322e-02 -1.26113339e-01
  -2.24958840e-02 -1.70883875e-01 -1.00834407e-01 -8.73294202e-02
  -1.92584772e-01 -2.20963496e-01]
 [ 1.09388886e-01  9.29400910e-02 -1.97552897e-01 -1.46421845e-01
  -2.23842401e-01 -1.10134206e-01 -8.14335572e-02  5.95933635e-02
   2.03763431e-01  1.93538754e-01]
 [ 4.99207228e-02 -2.05202526e-01 -2.49676519e-01 -1.77587521e-01
  -1.18039201e-01 -2.43612161e-03  1.85766030e-01 -1.07116928e-01
   2.13418830e-01  1.52251808e-01]
 [ 1.89172941e-01  6.31807632e-02  2.69783556e-01  2.48500636e-02
   2.09019015e-01 -1.99656936e-01  7.88219919e-02  1.74748177e-01
  -2.18058502e-01 -6.39678876e-02]
 [ 2.64726622e-02 -2.34114494e-02  5.39015949e-02  2.11761667e-01
  -8.83736346e-03 -7.49990497e-02 -1.90402870e-01 -1.13660635e-01
   9.34142478e-02 -5.12498683e-02]
 [-1.74532218e-01 -1.13595425e-01  1.42257018e-01 -1.35318926e-01
   1.33982248e-01  1.15426992e-01  1.52549860e-01  2.50253875e-01
   2.46759230e-01  1.98294563e-01]
 [-9.93376177e-02 -1.37129542e-01  1.42153300e-01 -2.17280312e-01
   2.13693903e-01  1.97048193e-01  7.74572446e-02  2.06320148e-01
   1.88143469e-01 -2.52152113e-01]
 [ 1.92855566e-01 -4.37853509e-02 -1.70110836e-01  1.05609911e-01
  -1.06248616e-01  2.36132993e-02  1.58667089e-01  1.22050369e-01
   1.88708088e-01  4.66445950e-02]
 [ 2.45903361e-01 -4.70207487e-02 -2.26410755e-01 -1.22248140e-01
  -2.03996832e-01  1.03824598e-01  1.89508951e-01 -4.32594111e-02
  -6.26539728e-02 -1.95149467e-01]
 [-1.16280923e-02  1.09182287e-01  6.41131248e-02 -2.15257976e-01
   1.70305037e-02  2.14054442e-01 -1.04322116e-01  1.69445324e-01
   7.73185572e-02  2.65070663e-02]
 [-1.42671070e-01 -6.95580920e-02  1.28889321e-01  1.94069836e-01
  -3.65433997e-02 -6.95274364e-02  2.00020734e-01 -2.23446734e-01
   1.22266378e-02  2.22940672e-02]
 [ 1.15347301e-01  1.64991080e-01  1.93240967e-01 -1.14269015e-01
   2.36231807e-01  1.64809748e-01 -9.69154460e-02 -2.25912491e-01
   3.53865522e-02  1.79133481e-01]
 [-1.77322043e-01  2.19111449e-01  1.29572004e-01  9.05035031e-02
  -5.97635255e-02  9.08358149e-02 -1.56092995e-01 -1.04283957e-01
  -5.12927688e-02 -1.14930341e-01]
 [ 6.18357883e-03 -1.48429868e-01  2.53293701e-02  1.82861102e-01
  -9.14243930e-02 -1.36226214e-01  1.92594129e-01 -1.45028436e-01
   3.76650030e-02 -1.65931749e-01]
 [ 9.65755788e-02  1.92839215e-01 -9.75442674e-02 -1.44054238e-01
  -1.96560212e-01  1.03204872e-01  1.28685008e-01  2.28169724e-01
  -6.69510691e-02  1.09038559e-01]
 [ 1.64733434e-01 -2.52283127e-02  2.54599859e-01 -2.70463842e-03
   3.27785063e-02  1.69330832e-01 -3.20275649e-02  1.51453073e-02
   1.84539021e-01  8.37742861e-02]
 [ 1.54129111e-01 -2.24994497e-01 -1.78973763e-01 -1.39196527e-01
   2.69464082e-01  7.13115545e-02  6.35108833e-04  9.41369421e-02
  -9.97352245e-02 -5.05269450e-02]
 [ 1.41921483e-01 -1.36093263e-01 -8.11497048e-03 -1.47003498e-01
  -3.59819603e-02  1.03123167e-01  1.26905041e-01 -1.39309787e-01
  -1.39128034e-01 -9.02778801e-02]
 [ 1.54410061e-01 -1.33938809e-02 -1.46062290e-01 -5.88204910e-02
   2.42999461e-01 -4.88008737e-02 -1.76493252e-01 -8.53368910e-02
   9.88002652e-02  1.03880047e-01]
 [ 1.20943260e-02 -2.21091979e-01  2.46013328e-01  2.26947402e-01
   2.02365911e-01  1.76091952e-01  1.27971570e-01 -2.23977284e-01
   4.15848623e-03 -2.35893800e-01]
 [ 3.93007205e-02 -2.83198050e-02  1.67952199e-01  9.15010847e-03
   9.76610076e-02 -8.27297373e-02  2.71806244e-01  1.60990038e-01
  -2.58183234e-01  1.34049770e-01]
 [ 2.41809574e-01 -1.49097296e-01 -2.00763426e-01  1.56589868e-01
  -2.24687631e-02  2.31343145e-02 -1.90501097e-02 -5.94158024e-02
  -4.78461310e-02  6.94192148e-02]
 [-5.49700632e-02  1.66196346e-01  1.51630876e-01  2.14862428e-01
   5.36714817e-02 -2.24240469e-01 -6.40226597e-02 -2.46329772e-02
   1.68333802e-01 -1.01209237e-01]
 [-1.75217631e-01  2.02869330e-01  2.48129753e-02  4.99177994e-02
   1.93596130e-01  1.66441485e-01  1.53595371e-01  1.59583400e-02
  -1.43290074e-01  2.29834395e-02]
 [ 5.90754180e-02 -6.65804873e-02 -2.12668682e-01  1.57970407e-01
   7.56887084e-02 -4.13177266e-02  2.20171941e-01  4.16043351e-02
  -1.01951253e-02  2.32994951e-01]
 [-1.75132441e-01 -1.88009688e-01 -6.20332645e-02  7.45768062e-02
   1.08875383e-01  1.49641932e-01 -1.05722496e-01  2.29016587e-02
  -5.19923259e-02 -8.08343634e-02]
 [-4.86123974e-02 -2.29285077e-01  1.86655367e-01 -6.82933338e-02
   2.28346257e-01  9.78175827e-02 -1.67501939e-01  9.04388588e-02
   3.60744069e-02 -9.44252706e-02]
 [-2.05075595e-01  3.85537122e-02  2.32042538e-01 -1.53471333e-01
   1.08295084e-02 -6.27088675e-02  1.48191122e-01 -1.81071980e-01
  -2.50282431e-01 -2.24221475e-01]
 [-9.20673049e-02  8.51675572e-02  2.67230001e-01  1.40655747e-01
   8.40619651e-02 -1.03755662e-01 -1.72404103e-01 -1.81584111e-02
  -8.03913743e-02  1.91722534e-01]
 [-3.16656275e-03  1.41905807e-01 -2.24648056e-01  5.97391595e-02
   1.86473260e-02 -1.33956584e-01 -2.01280299e-01 -1.11164312e-02
  -7.51376503e-02  3.60388001e-02]
 [-1.96943966e-01  1.19783154e-01  9.39744272e-02  1.67902039e-01
   9.93675316e-02  1.22425206e-01 -6.24680098e-02  1.64244315e-01
   1.81257844e-01 -1.56894052e-01]
 [-1.16535851e-01  4.07427245e-02 -8.94759141e-02  4.16368530e-02
   2.51596823e-02  1.61320401e-02 -2.40382438e-02  1.21089806e-01
   1.63403169e-01 -1.48446355e-02]
 [ 8.82754451e-02  5.14407333e-02 -2.06656009e-01 -5.12770567e-02
   1.12932871e-01  1.45786094e-01 -1.95129653e-01  2.05540530e-01
  -3.62555102e-02  1.66583538e-01]
 [-7.07576562e-02  1.23126035e-01  1.20573698e-01 -2.60888182e-01
  -1.08847108e-02 -1.07426204e-01  1.32397798e-02  2.08699790e-01
   2.60212256e-03  2.54657396e-01]
 [ 6.25110993e-02 -1.07116441e-01  9.85807896e-02  1.24056657e-01
   1.29027708e-01  2.52558335e-01  1.68666107e-01  1.15270790e-01
   9.97999700e-02 -2.97915046e-02]
 [ 1.27674498e-01  1.46797726e-01  8.51677387e-02  1.22654467e-01
   1.45155050e-01  1.83882450e-01  3.01468764e-02 -9.78135866e-02
   1.75606018e-01 -1.14629775e-01]
 [ 1.33724666e-01 -2.21483193e-01 -1.19843266e-01 -7.19417271e-02
   6.89988255e-03 -1.45413317e-01 -2.53211920e-02  5.82744710e-03
  -7.96981410e-02  7.77814716e-02]
 [-4.38890983e-02  1.67109060e-01  1.06976479e-01  2.51661465e-01
  -6.26477856e-02  2.54442879e-02  1.18904979e-01  5.95616153e-02
  -8.45967953e-02 -6.18486272e-02]
 [ 2.28120621e-01  1.30202588e-01  2.32395479e-02  1.49173225e-01
   6.66194896e-02 -3.00422053e-02  7.20380972e-02 -2.96728069e-02
   1.09670587e-01  1.55954598e-01]
 [-1.62216958e-01 -2.30465749e-01 -1.86825269e-01 -1.22354749e-01
   2.25081244e-01  1.54721126e-01  4.79620786e-02  4.74878047e-02
  -4.57424718e-03  1.80524685e-01]
 [ 9.15207972e-02 -2.00622576e-01 -1.10623917e-01 -3.89472762e-02
   1.22505491e-01 -5.59025562e-02 -1.65875705e-01 -1.25889208e-02
   1.66745204e-01  1.75553473e-01]
 [-1.51681166e-01  8.25225439e-02 -1.67539277e-01 -1.20603593e-02
   3.33053270e-02 -8.91957737e-02  1.47435005e-01  1.82071548e-01
  -9.58515840e-02 -6.91144283e-02]
 [ 1.40271827e-01  5.53563475e-02 -2.17433311e-01 -9.79654217e-02
  -6.48922964e-02  4.20939782e-02 -1.89493716e-01 -4.17584676e-02
   1.07323983e-01 -1.40124966e-01]
 [-8.51372537e-02 -1.33831138e-01  2.28385181e-01  1.77598310e-01
  -2.28609829e-01  1.36383056e-01 -9.88354834e-02 -1.08546130e-02
  -9.06303476e-03 -1.84921439e-01]
 [ 3.30280616e-02  1.76013234e-01  1.16393721e-01 -6.32010072e-02
  -2.41740939e-01  1.22388403e-01  4.86079713e-02  1.52681141e-01
   2.29042055e-01  1.11571975e-02]
 [-5.09654826e-02  7.19000714e-02  4.43387922e-02  1.32132312e-01
   2.43730094e-01 -2.45222049e-01  8.58205022e-02  2.09271756e-01
   1.07012981e-01 -1.37753712e-01]
 [ 1.38908500e-01 -5.17114598e-02  2.62384224e-01  2.12509286e-01
   6.76907243e-02  1.04885740e-01  3.00255034e-03 -5.88170555e-02
  -4.35924128e-02 -1.86714198e-01]
 [-1.69592768e-01 -1.95197514e-01  4.48415036e-02  2.59744474e-01
  -2.90317478e-01  4.66876351e-02  1.29148808e-01  8.31276130e-02
   1.63979307e-01  1.47340434e-01]
 [ 4.41361203e-02  9.73065679e-02 -1.88572930e-01 -1.98621610e-01
   2.61221364e-01 -7.17970325e-02  1.22976064e-01 -1.06396459e-01
   1.80432283e-01  1.60260081e-01]
 [-1.45546011e-01 -1.86847647e-01  7.77041471e-02 -1.45996465e-01
   2.28907338e-01 -1.16799867e-03 -1.92946940e-01 -1.49722603e-01
  -1.63670542e-01 -7.22167696e-02]
 [-1.32132344e-01  1.64443709e-01  8.55233766e-02  2.47108507e-01
  -1.39132268e-01  7.22463881e-02 -2.73152928e-01  2.05529189e-01
  -8.72741726e-02 -1.00336753e-01]
 [-7.30657331e-02  1.39760239e-01 -1.66387822e-01  4.89428767e-02
   1.48523161e-01  1.78800003e-01 -2.38460157e-01  4.37280259e-02
  -1.34390942e-01 -9.41059061e-02]
 [ 1.62903073e-01  1.47183016e-01  2.08050558e-01  1.80707038e-02
   5.02557669e-02 -4.54868431e-02  1.96119935e-02  3.01329686e-02
  -1.60410094e-01  1.75332139e-02]
 [-9.48430253e-04 -4.51876097e-03  3.32000950e-02  1.64702627e-01
  -1.73861306e-01  1.97364292e-02 -1.54118586e-01  4.05820810e-02
  -1.16507644e-01 -1.26503412e-02]
 [ 1.13087759e-02 -6.11831116e-02 -7.31570824e-02  1.80689341e-01
   7.71525222e-02 -2.56740931e-01 -9.70250875e-02 -2.78497931e-02
  -5.42926271e-03 -1.74464353e-01]
 [-1.56349387e-01  2.06765684e-02 -1.50843034e-01  1.67295601e-01
  -2.08990023e-01 -2.62314158e-01 -2.35301449e-01 -3.30210083e-02
   1.98365025e-01 -7.97058556e-03]
 [ 1.22100692e-01  1.94017953e-02 -1.62871262e-01  1.70177529e-01
   5.81089489e-02 -1.00595471e-01  1.25696029e-01  1.96303485e-01
   1.89159781e-01 -1.64971994e-01]
 [-7.50927219e-03  1.21787500e-01  1.24250317e-01 -5.43854747e-02
   1.14693046e-01 -1.89102317e-01  2.42413137e-01  1.49956964e-01
  -1.42396775e-01  4.03638467e-02]
 [ 1.93410707e-01  2.28014232e-01  9.28399068e-02  9.49633611e-02
   4.61872890e-02 -2.62894301e-01  2.79370607e-04 -1.48981833e-02
   1.69818861e-01  4.93126175e-02]
 [ 2.44054657e-01 -6.92379954e-02 -2.10492201e-02  7.37207121e-02
  -6.46048919e-02  8.95456852e-02 -3.92751301e-02 -2.06957146e-01
  -2.34837038e-02 -2.50217983e-01]
 [-6.17269568e-02 -3.09164336e-02  7.70060615e-02 -9.45383841e-02
  -4.17024322e-02 -3.32988321e-03  1.67352805e-01 -2.06573643e-01
   7.89788556e-02 -9.50961660e-03]
 [-2.34379191e-01 -8.00586613e-02  1.83834113e-01  1.81558195e-01
   7.24024485e-02 -1.51985281e-01 -8.98678268e-03 -1.21042972e-01
  -9.39986820e-03  9.13255074e-04]
 [ 2.66907880e-02 -1.28702066e-01  8.43563659e-02 -1.63488210e-01
  -7.55729173e-02  1.39878041e-01 -1.77192538e-01  1.11146911e-02
  -5.62171814e-02 -1.22448511e-01]
 [-1.08351421e-02  1.23635275e-01 -1.15464200e-02  7.52250552e-02
  -2.35273518e-01  6.33852413e-02 -2.73856669e-01  1.73502327e-01
  -1.70178125e-01  1.71135371e-01]
 [ 6.29698369e-02 -1.30816708e-01  1.11944867e-01 -4.00932741e-03
  -1.11056116e-01 -7.45099785e-02  1.80212855e-01 -5.26637996e-02
   3.43924748e-02 -1.20264978e-01]
 [ 7.19569585e-02  1.38573597e-01  1.98245867e-01 -3.09729033e-02
  -3.60101902e-02 -9.92178917e-03  5.06112260e-02 -8.96725062e-02
  -8.23489398e-02  1.66531392e-01]
 [ 1.50907196e-01 -2.01724063e-01  2.90809661e-02 -5.28656902e-02
   1.74893209e-01 -3.43112744e-02 -1.61313577e-01 -2.07062194e-01
  -1.90824252e-02 -2.31975010e-01]
 [-7.57345704e-02  1.85099276e-01 -1.75370335e-01 -2.13267721e-01
   1.47186690e-01 -7.81591143e-02  1.69527461e-01  2.33635677e-01
  -1.67499224e-01 -2.25932792e-01]
 [ 2.69814788e-01 -1.69497656e-01  1.22322423e-01  1.21155800e-02
  -2.46952810e-01 -2.56766065e-01  4.62342129e-04  9.02989322e-02
  -1.16706948e-01  2.78935304e-01]
 [ 3.99746280e-02  4.18756446e-02 -5.33140435e-02  5.41345457e-02
  -7.48428822e-02 -9.18311025e-02  2.91459167e-02  2.24218545e-01
  -1.93718420e-01 -1.32209021e-01]
 [-1.57452821e-01 -2.49418344e-01 -1.14588357e-01  2.05753522e-01
  -1.64826596e-01 -1.79748738e-01  1.01946539e-01  2.34198615e-01
   1.27607886e-01 -7.38804613e-04]
 [-1.44319900e-01  1.10237773e-01  1.69430535e-01  9.23118482e-02
   1.47243254e-01  2.26622174e-01  1.26827065e-01 -1.30717094e-01
  -1.79739829e-01  2.20493589e-01]
 [-6.65439403e-02  9.41553147e-02 -1.40270855e-01 -7.25992637e-02
   9.29831447e-02  7.72756311e-02  1.94140152e-01 -2.32845375e-01
  -1.83949308e-01  6.28427902e-02]
 [ 1.92231115e-01  1.33495036e-01 -3.16847381e-02 -1.20290319e-01
   2.23049822e-02 -1.61644253e-02  1.80834793e-02  7.38277036e-04
  -1.20058350e-01  2.16072191e-01]
 [-9.45632443e-02 -1.73156639e-01  1.24045325e-01 -8.70114562e-02
   3.36706563e-02  1.06901810e-01 -1.53075593e-01  2.08447944e-01
  -1.89741398e-01  4.31228555e-02]
 [-1.33133696e-01 -2.50507801e-01 -2.24114072e-01  1.05924749e-01
  -8.22195554e-03  1.01625243e-01 -9.31356079e-02  1.56183691e-01
   1.47430882e-01  2.26588338e-01]
 [-8.20913208e-02  1.40707618e-01 -1.26420232e-01 -2.15908712e-01
   2.10557925e-02  6.46646215e-02 -1.62992570e-01  3.23805904e-02
  -1.44065673e-01  1.16950346e-01]
 [ 1.42903687e-01  7.36691115e-02  1.39448527e-01 -1.80709500e-01
   1.37128166e-01 -1.36870544e-01  1.68311683e-01 -1.13950209e-01
  -1.15036810e-01  1.86552384e-01]
 [ 2.42191082e-01 -4.32968755e-02 -1.13011348e-01 -1.32961139e-01
  -5.26518752e-02 -6.69814159e-03  4.05739783e-02  3.50557527e-02
   1.88221128e-01  1.75214899e-01]
 [-6.71068591e-02  1.63568259e-01  8.78142865e-02  1.36076287e-01
   8.82617103e-02  1.93550876e-01 -5.56006236e-02  1.17693933e-01
   2.95143205e-02 -1.74803466e-01]
 [-6.58750453e-02  1.38043066e-01 -4.42330019e-02  2.99098405e-01
   1.61384614e-01 -9.49094223e-03  1.99949076e-01  6.96420555e-02
  -2.19151906e-01  1.37145784e-01]
 [ 2.69573400e-02  2.25767947e-01 -1.68437112e-01 -5.30048751e-04
  -1.51841602e-02 -1.81647763e-01 -2.25904479e-01 -9.82404373e-02
   1.38501036e-01 -6.80706106e-02]
 [ 6.43113229e-02  1.60427306e-01 -3.68941123e-02  2.30828525e-02
   1.69070253e-02  2.54430796e-01  1.62131605e-01  1.71722316e-01
  -2.29011125e-01  2.10578162e-01]
 [-3.55608976e-02 -6.92117929e-02  5.26721738e-02  2.79502173e-02
  -4.27686930e-02  1.01413309e-01  8.46685910e-02  3.71510245e-02
   1.80712919e-01 -2.36399843e-01]
 [-1.29727257e-01 -2.07016578e-01 -1.66244679e-01  5.87522051e-02
  -7.98618536e-02 -1.09867088e-02  2.07771006e-01 -1.23748631e-02
  -3.19416764e-02 -5.60555460e-02]
 [-1.47045409e-01  1.52407653e-03 -2.14223864e-01 -4.02420735e-02
  -1.14410440e-01 -2.33304260e-01 -1.19858706e-01 -1.30666039e-01
   1.32516012e-01  1.11899748e-01]
 [-1.54438748e-01 -2.43474970e-01  1.19327255e-01  9.03513341e-02
   1.40549212e-01 -7.02929283e-02 -1.92673511e-01  7.08477398e-02
   7.48868451e-02 -6.24376425e-02]
 [-1.67623832e-01 -2.21285412e-01 -1.18585570e-01 -2.15627753e-01
  -1.36648640e-01  1.42462200e-01 -1.19301571e-01 -1.71176237e-01
   1.34472393e-01  2.01419473e-01]
 [ 4.22096784e-02 -1.12921066e-01  9.52738724e-02 -2.32924427e-01
   9.45235274e-02 -2.62155762e-01 -1.49812881e-01  2.91707478e-02
   5.42680681e-02  8.36705563e-02]
 [-3.05060104e-02  5.52735507e-02  3.89056581e-03  2.14611619e-02
  -3.32369678e-02 -9.81190811e-03 -1.88773607e-01  1.13540495e-01
   1.21879563e-01 -1.18832289e-01]
 [-4.55554097e-02 -1.38516433e-01 -1.22456361e-01 -3.32720199e-02
  -1.82002757e-01  2.67682875e-01 -2.46477143e-01  3.99085083e-02
   1.15684227e-01 -1.29464417e-01]
 [ 3.15213273e-02  3.11078840e-02 -5.20919569e-02  2.82070703e-02
   1.03728391e-01 -1.59893956e-01 -2.55345077e-01 -1.47081999e-01
  -9.53922166e-02 -9.02439507e-02]
 [ 5.27001340e-02  1.66149062e-01 -1.96320248e-01  4.73276825e-02
   1.15708706e-01  7.77346562e-02 -3.92265171e-02 -1.80763440e-01
   1.35158075e-01  6.97316551e-02]
 [-4.61679683e-02 -1.86044163e-01 -1.83247460e-01  2.43841502e-01
   1.09703039e-01  9.31810416e-02 -8.34522111e-02  1.75792173e-01
  -1.47220786e-01 -2.67870593e-02]
 [-6.15478008e-02 -1.61799879e-01 -8.88360090e-02  2.30930860e-02
  -1.56094116e-01 -1.84280792e-01 -1.61808434e-01  1.29027360e-02
  -1.72300398e-01 -2.18119878e-02]
 [ 1.23004754e-01 -2.31698184e-01 -1.06237415e-01 -3.92969096e-02
   1.41650768e-02  3.54765617e-02 -5.72533420e-02  2.04072302e-01
  -1.38852786e-01  1.57102677e-01]
 [ 7.91224438e-03 -6.25886634e-02  1.63445166e-01 -3.86023014e-03
  -3.56733220e-02  2.02540964e-01 -1.42428945e-01 -2.16280611e-01
   1.04330287e-01  1.11343888e-01]
 [ 1.17218989e-01  7.71209608e-02 -1.42509068e-01  1.46476660e-01
   2.14005601e-01 -2.05215692e-01 -5.18206667e-02 -1.00239142e-01
  -9.66879346e-02  1.12076048e-01]
 [ 2.27701931e-01 -7.28681130e-02  1.22217057e-01 -1.81319402e-02
   2.10400001e-01  2.52480814e-01 -6.35031782e-02 -2.07588343e-01
   1.93569539e-01 -1.22594381e-01]
 [ 7.88561799e-02 -4.89075375e-02  1.56105637e-01 -2.69001657e-02
  -1.46713851e-01  1.17459882e-01 -1.59593448e-01 -2.28912587e-01
   1.55095031e-01 -4.76212623e-02]] [[ 0.05371364]
 [-0.01574834]
 [-0.00054855]
 [ 0.0350068 ]
 [ 0.0797919 ]
 [ 0.05458016]
 [ 0.086144  ]
 [-0.00351608]
 [-0.05359869]
 [-0.07674975]]
Original Neuron 0 maps on to recovered neuron 9
absolute values of weights are close enough
Original Neuron 1 maps on to recovered neuron 0
absolute values of weights are close enough
Original Neuron 2 maps on to recovered neuron 8
ERROR LAYER EXTRACTED INCORRECTLY
Original Neuron 3 maps on to recovered neuron 2
absolute values of weights are close enough
Original Neuron 4 maps on to recovered neuron 7
absolute values of weights are close enough
Original Neuron 5 maps on to recovered neuron 3
absolute values of weights are close enough
Original Neuron 6 maps on to recovered neuron 5
absolute values of weights are close enough
Original Neuron 7 maps on to recovered neuron 1
absolute values of weights are close enough
Original Neuron 8 maps on to recovered neuron 6
absolute values of weights are close enough
Original Neuron 9 maps on to recovered neuron 4
absolute values of weights are close enough
