
Check the solution of the last weight matrix.
Neuron 0 maps on to neuron 5 with error 7.858392835897561e-05 ratio -1.8608056880975523
Bias check [0.36417529]
Neuron 1 maps on to neuron 7 with error 0.010811566933621711 ratio -0.08341276065244535
Bias check [6.6184171]
Neuron 2 maps on to neuron 1 with error 0.6106108788172355 ratio -1.3523099684290791
Bias check [-2.92614286]
ERROR LAYER EXTRACTED INCORRECTLY
	GAPS: 0.7003 0.3728 0.9976 1.0095 0.9415 0.9898 0.9767 1.0040
	  Got: 1.0000 -0.3533 0.8803 0.8265 -0.3117 -0.5749 -0.4915 0.2594 -0.0025 -1.0115 -0.6885 0.6180 0.8684 1.6227 0.3563 0.5969 -0.0646 0.3426 0.3992 0.2677 -0.3182 -0.4623 -0.4233 0.1094 -1.2960 0.9114 0.2612 0.5983 0.2195 -0.4504 -0.1286 0.7901 0.1672 -0.4140 2.9736 3.2666 1.1914 0.8542 3.1512 4.1210 6.6159 4.5180 -1.6123 7.5427 8.8435 8.5501 7.3057 -1.0070 0.2919 0.0021 -0.0647 -0.0386 0.4895 0.3142 0.7654 -0.3063 0.0928 -0.4885 2.9204 3.6288 3.5540 -1.8881 2.0969 -0.8125 18.7947 16.7506 7.4245 -3.2748 -4.9307 -12.3436 -3.4326 -5.3403 3.3715 -1.2447 9.2766 13.7015 16.8260 12.2647 6.7668 5.3316 3.3430 0.5671 -0.2743 -0.5346 0.2712 -0.3081 5.7703 0.0628 8.4186 16.3688 3.5859 -17.0292 5.5469 20.1054 4.4985 -6.7514 5.3901 8.5789 0.4498 1.6700 -5.9658 -6.4912 4.3669 -2.5325 1.8004 0.8809 -1.6114 -16.3342 -3.1600 -2.6900 -6.2879 -0.3037 0.3130 0.1573 16.5588 0.4176 -3.9348 -0.2909 -4.4319 2.8063 9.3095 8.1977 8.6568 3.0833 3.1686 3.4472 -3.8048 -0.6193 2.1276 -6.0272 3.9049 -1.6144 -3.9294 -1.4293 3.9013 -9.2298 8.3715 2.5715 -11.6555 -2.4901 0.9684 -1.1633 14.3636 5.0811 15.0737 1.9663 3.6441 0.9194 1.9612 0.4224 -2.9009 1.8980 0.5436 1.1663 3.9873 3.1681 2.6501 -0.3351 0.2199 -1.3901 -1.4681 1.2120 2.0313 -4.7115 2.3317 -0.2831 -8.5971 8.1957 0.9628 9.6518 1.6580 5.8322 2.2822 -4.8008 -1.1722 1.4394 2.8027 -3.4518 2.7778 6.2715 -0.4486 0.7565 1.3541 1.3943 1.2374 -3.8142 1.9433 -2.2753 -0.0702 0.2473 3.4698 -3.0652 0.1173 0.6899 6.0427 1.0055 -1.4028 10.7844 2.2332 -2.7510 -5.6922 1.0023 -1.2603 -2.1172 -2.9882 -1.6624 -3.6885 -1.1927 -0.6957 1.0744 3.3395 -1.1313 -2.0200 -0.8441 -3.5142 -0.1927 -0.7660 -2.5975 -3.4623 -4.7102 -2.8785 -5.7744 3.4779 18.0549 9.3079 19.8692 -12.5900 0.8418 5.6372 -1.7811 -1.9090 -0.0573 2.2195 -3.3747 4.7060 -0.1949 0.2488 -1.9472 0.5699 1.2133 -3.4035 0.4638 0.9907 -1.2428 -2.0458 -1.8831 1.6788 -8.1274 -2.8387 -0.8803 0.1431 22.1331 1.4728 -7.7180 -2.2332 -2.9210 0.9311 -5.7864 2.1200 4.1538 -0.3062 0.9966 -0.6863 -1.8315 -1.8621 -1.6666 0.6291 -1.4243 1.6990 -2.4817 0.2702 -0.7151 2.3244 2.9223 -6.0246 6.8788 -11.4833 -3.5795 3.8112 0.3715 2.7972 -19.4294 8.9180 7.6041 0.2609 -3.7193 -3.9183 -2.3941 4.9678 -5.5170 -0.4951 -0.6390 -2.6511 0.6640 1.0444 -1.2213 1.2904 0.8158 0.8350 1.1178 -4.2515 -1.6373 -0.0903 4.7809 0.3838 8.5142 1.1414 4.7998 -4.5157 -0.6187 -8.4660 1.0944 3.5833 -4.1036 4.9643 -0.6123 -7.0930 -5.3136 -1.7136 -5.2819 -0.6323 3.7454 1.5381 2.1227 0.2693 -6.5393 1.9337 -0.8866 0.5935 2.2905 -0.6748 -5.8100 -2.6158 2.9210 8.1113 3.6465 -0.7313 -11.4613 1.5629 0.7562 -3.4374 -1.3458 -3.7334 -4.7371 -3.7985 -3.3884 -2.2469 -3.4581 3.6367 1.4503 4.6670 -0.0573 0.3561 -1.0542 -1.2193 0.1849 0.1715 -9.1898 -11.5701 -11.9469 -0.1036 9.1454 22.9261 -0.0645 -1.7526 1.7135 6.3626 4.7572 -10.0555 -8.0462 -0.3240 -5.6100 -3.6612 -2.2915 -0.1596 -2.3451 -1.1082 1.0489 1.6380 -2.9695 0.7100 -2.6829 -0.5700 -0.1119 -8.7552 -0.0576 -11.2494 -4.6009 -9.6505 -3.1705 2.5315 -14.3244 1.6360 -5.3169 3.0113 8.1389 2.3217 -5.1930 -5.9098 -4.6616 3.8219 0.2240 0.7883 -0.5416 1.8989 -1.4090 4.5554 0.6858 -1.3179 -4.0374 2.5732 -4.7661 -6.5782 1.3963 -0.6077 8.5408 2.5638 -0.2745 3.1967 -6.5199 4.9149 3.8344 7.2323 5.6983 -4.8237 0.7503 -3.0835 8.4805 -1.6229 -1.2928 -1.7959 -1.3632 -0.4398 2.2424 4.8187 -1.9384 -0.8615 -1.8672 -3.1884 -4.5265 2.7218 0.9446 -5.6644 5.4378 11.9713 1.2891 -8.2140 -4.2876 7.0207 -0.6030 5.6464 1.8276 -8.1881 0.5426 -4.6296 -2.0598 1.9463 -1.3741 -0.7361 0.1964 0.1252 3.4087 2.1476 -3.3226 -2.7225 -4.5557 -4.9819 2.1997 0.6700 -0.0658 4.5219 3.7407 11.2490 3.1848 5.6485 -4.6963 -0.5172 -1.1751 -0.4234 4.6513 -1.5360 -5.7681 -2.1599 -4.5485 -3.1004 2.8078 2.8158 -1.1331 5.0757 1.7930 -2.4340 -4.4890 -3.0684 -2.0703 -2.0224 3.0878 4.5002 2.9367 2.6626 8.6149 7.5300 -8.7280 -5.9412 -4.1184 -3.3394 1.8893 -1.4916 18.6283 5.6782 -1.2188 -9.1343 -7.0285 -12.9168 -18.8157 -14.8162 -12.8919 -6.3847 -5.7786 -5.7557 -0.4090 -2.6856 1.2017 1.5436 -0.0008 9.5724 7.6436 11.2242 5.6125 -2.6445 -22.1640 -7.7219 -2.6173 -0.0897 2.9303 14.8336 15.2831 2.8941 1.6339 1.8361 -1.0201 -0.4348 -3.6551 -1.7107 -6.8901 -7.6017 -1.7113 -3.0854 4.0189 1.0500 4.3492 3.2711 0.1236 4.4297 4.1421 1.3289 2.5805 1.2209 -13.5057 -0.1645 1.1943 -0.4994 8.5341 2.8012 7.9911 6.7310 -2.7874 0.4784 -2.7228 4.3567 4.8946 -0.4969 2.7717 1.9637 2.1555 2.0617 4.1858 4.1777 4.6817 2.3906 2.7790 10.4484 2.2408 -1.1039 7.3209 -6.8750 -9.3073 -1.5597 0.7208 0.9956 7.7156 6.9470 10.1728 0.9762 0.6446 -0.6487 1.4822 4.2048 -2.2703 3.0327 1.1424 4.1036 2.3061 3.2932 0.7219 1.5937 -0.5941 4.0320 6.3008 12.8168 -3.7337 5.0429 -2.8734 -8.0490 -12.0621 1.9037 -0.1174 1.2274 1.6671 20.7617 9.2257 -1.7534 1.9238 0.1353 1.0787 -3.1411 1.1717 0.2316 2.9037 -1.0027 2.0870 1.0597 -1.2500 0.7583 2.3140 4.8772 9.9486 5.4594 -1.4452 7.0899 2.8509 -18.1960 -9.6339 29.6906 0.0717 0.0123 0.0777 19.4205 14.8789 8.7083 3.0052 2.0953 2.2882 3.1905 4.3535 -0.2669 -0.1763 0.2211 -0.0974 2.9880 1.7317 2.7567 3.0539 2.2997 0.5050 6.1059 -0.7582 -0.4256 6.1983 -16.9131 12.5329 27.9442 0.3829 0.7596 0.5604 -5.7992 6.6508 13.1455 2.4447 9.9978 1.9299 3.7195 3.2559 -3.8066 3.1840 3.6259 1.2381 3.2003 1.6298 -1.4905 4.6985 -6.5894 -3.0023 -1.7139 5.4956 12.4422 9.2977 -2.1647 -0.3045 0.0267 -0.2476 -0.3544 -0.9986 14.5626 -18.3969 5.8813 -3.5988 2.5833 -4.7443 3.9541 6.8389 3.7332 -0.1183 0.6873 1.3230 0.9098 -5.7313 0.9628 -8.8562 -5.3759 -1.7202 3.2419 -6.0563 2.2332 15.2655 -18.0687 -3.9287 2.3858 0.1441 -0.2203 -0.2669 0.3018 -0.5184 -2.7010 -10.6620 -4.2623 -1.5813 -8.0616 -16.4112 6.0306 -14.8736 -0.9659 -2.7835 -9.2206 -2.6221 -4.0812 1.1399 -1.8694 -8.7804 -4.3598 7.3340 3.8930 13.4026 11.6844 -4.0716 -0.1969 0.3779 0.0280 0.3003 0.4306 0.4617 -4.1656 -3.0365 -3.0963 2.4383 0.4608 -2.9048 -2.7570 -11.2382 -19.6802 -21.0289 -14.7099 -12.5442 -13.3830 -19.9210 -13.1453 -3.2311 -9.2190 -2.3202 -2.8954 4.6415 -0.2441 -0.6296 -0.1336 -1.0529
	 Real: 1.0000 -0.9040 0.8776 0.7124 -0.9862 -0.5313 -0.3265 0.3263 -0.3104 -0.8326 -0.0184 0.9571 0.2209 1.0262 -0.3631 0.6360 0.4059 0.0795 0.1681 0.3350 0.2199 -0.2249 -0.7638 -0.0571 -0.9675 0.6160 -0.4588 0.1073 0.7842 -0.1909 -0.3129 0.5028 0.8414 -0.3917 0.3424 0.0719 0.8621 -0.3625 0.3703 -0.6537 0.2282 0.4380 0.3272 -0.6808 0.4554 -0.7107 -0.8235 -0.9616 0.4367 0.1240 -0.7462 -0.9524 1.0506 0.5501 0.5366 -0.4830 0.0509 -0.6109 0.4470 0.6811 0.8411 -0.8160 -0.2341 -2.9475 24.4344 17.8967 10.0934 -8.3258 -11.8506 -24.3949 -11.7262 -10.1244 1.7324 -0.0339 2.4249 10.1847 6.3232 5.7291 7.7380 0.4955 0.2905 0.2313 -0.4507 -0.8782 0.0684 -1.0474 -1.3214 -1.0912 16.5192 13.5121 -0.6535 -35.6719 -1.4240 8.0289 2.5587 -5.5140 10.4942 9.5016 -2.0856 -1.3923 -3.3745 -3.5671 4.3023 -4.0087 3.8922 -0.3572 -6.2583 -19.8723 -0.9130 0.2724 -0.6262 -0.7897 0.0695 -0.2383 11.7878 1.6205 -7.6799 6.8244 -5.7925 -1.4698 3.2036 -2.6077 2.9504 0.2313 2.7390 2.9558 -4.6334 1.8807 2.9538 -6.8799 5.0998 -2.4983 -5.0400 2.2688 4.3238 -11.8771 16.7118 11.3835 -10.3956 0.0065 0.5911 -0.9484 12.3484 10.1873 25.5267 6.9989 8.3891 5.3442 3.2280 3.8190 1.2370 -0.8810 5.3148 1.2266 2.0479 0.0798 1.0495 -1.0463 1.0575 -2.9169 -0.6260 0.2353 1.7481 -7.6002 5.9487 3.1261 -3.3112 9.5851 0.9220 6.2180 -1.4539 7.2188 5.5605 -2.6642 0.2073 1.1852 -1.7415 -0.9703 4.6886 6.7613 -0.3423 -0.4639 1.7841 3.9201 1.6299 -3.7259 2.5459 -0.2026 -0.2553 1.0686 4.6165 -3.8932 -0.2155 6.7335 11.2383 8.8228 0.1375 7.9787 -4.0878 -0.3334 -7.1204 1.3494 -1.9421 -0.5709 0.1831 -3.8751 -1.6857 -0.5539 1.2093 2.0416 5.3739 1.0310 -1.6923 1.6282 -3.2268 -1.7108 -0.3591 -3.5478 -4.2393 -5.0647 -6.1241 1.4328 8.2029 18.4690 0.2851 8.1265 -19.0321 2.8334 9.7429 0.1710 2.4501 -1.2443 3.6254 -3.2608 1.6630 0.0846 2.7647 2.3141 0.4728 3.9565 -2.0222 -0.9993 2.6835 -1.2669 -1.8881 -0.0604 2.6578 -9.1599 0.6075 7.8771 -4.1411 18.3307 -0.5914 -3.3986 -2.7532 0.5934 2.5984 -3.2557 2.5120 3.7961 -3.9857 1.7627 -1.7318 1.0556 -2.4006 2.1695 1.6554 -1.9515 -2.6743 -2.5134 0.0197 -1.7351 5.0886 1.8635 -3.8747 6.8080 -11.0811 5.5754 -10.9740 -0.4672 0.4632 -19.2445 1.7807 9.4478 1.5321 -3.4708 -2.9978 -0.0324 3.6315 -3.5197 -0.5431 -0.7348 -6.5740 1.8050 4.7364 -4.6766 1.4070 -2.9439 1.7870 0.8183 -3.9373 -1.7268 2.6349 2.9003 1.5380 11.1459 -1.5229 -0.1125 -0.3633 -6.4908 -22.3959 0.0933 4.3607 -9.0280 0.1793 -0.5418 -4.4130 -7.2702 -1.5597 -4.6677 -1.0096 2.8629 1.9239 1.7790 -0.7458 -7.6030 2.0577 -2.7659 1.3755 1.7419 2.3838 -4.6627 2.0591 13.7203 16.8420 -10.7738 0.7552 -8.0592 -0.4888 -0.7812 -1.0927 -0.3648 -5.3934 -1.6997 -0.8092 -4.3050 -0.0438 -0.8236 1.0474 1.9178 6.3096 -0.3900 0.5318 -0.2154 0.3146 -0.3375 0.0730 -10.0101 -12.2577 -10.1694 -10.8009 11.4879 20.6440 -13.5642 -2.1659 3.2005 -8.5404 7.0433 -12.4087 -4.5318 3.0467 -6.0010 -2.8193 -0.9822 2.2692 -0.3948 1.6935 2.8947 2.4752 -1.7395 2.4984 -2.1183 -1.4847 0.3718 -11.3595 -2.4822 -18.5303 -10.0101 -21.9736 -2.2196 7.4980 -19.9201 2.1415 5.8392 3.9140 12.7122 12.6353 -3.2666 -1.8902 -7.0430 3.9856 1.4202 0.5742 -2.0695 2.8183 -0.3395 3.8136 1.0359 -2.4940 -3.5539 1.9718 -4.0286 -8.8469 -0.6473 -3.2212 8.0019 4.0771 2.1577 -4.4924 -7.3202 1.3922 4.9803 5.8187 10.0996 -1.5161 0.8425 -1.0476 10.6567 -2.8959 -2.5124 -0.7983 -0.9417 -1.4462 1.2548 3.9684 -1.1912 -0.7175 -2.4107 -4.8136 -6.1040 4.6390 -1.1059 -2.8832 5.7556 10.5286 5.7161 -7.9476 -10.9305 0.3319 6.7694 4.1663 4.7024 -11.4373 -1.5739 -7.8833 -4.1571 4.9207 -1.3719 -1.2342 1.9723 1.2865 2.7100 3.5750 -6.0525 -1.7367 -4.9986 -3.5356 2.1360 -1.8633 -3.9059 7.2048 5.5102 11.6686 6.9170 0.5078 -12.8080 -0.2665 6.2752 -1.1750 10.3241 -0.3998 -5.6818 -5.5183 -5.7961 -4.8730 3.0311 3.4541 -3.1574 6.5603 -0.1782 -2.8569 -5.2479 -3.7848 -2.7373 -1.0611 2.4694 5.1747 0.5147 1.7300 9.6824 0.2561 -11.7731 -9.6811 -8.7976 -0.6498 7.0093 1.0276 21.9388 1.9987 -8.0769 -10.2194 -10.4375 -20.7479 -27.6344 -20.1873 -17.6960 -12.2229 -8.5309 -6.9067 -3.6303 -0.5602 2.8982 2.0085 1.4055 6.8809 6.8631 7.6656 5.5497 -4.0463 -26.7017 -18.3378 -8.0631 -0.9364 6.4381 20.8958 15.5421 0.5149 -0.0494 -0.4435 -3.2510 -0.8989 -7.3773 -1.8982 -10.9741 -12.9482 -3.2662 -3.6220 4.4332 2.0839 4.0360 2.2253 2.0813 2.3747 3.3411 2.9593 -0.8980 2.9290 -17.9381 -10.9106 1.1298 -1.0258 18.5323 7.9085 6.3135 3.0814 -3.3404 -0.2042 -6.2220 3.9489 3.0270 -2.5608 1.4366 -1.9547 -0.5977 -1.0912 5.0609 2.0625 2.6093 3.0307 2.6013 -1.8623 -2.1456 0.5597 1.7424 -7.7864 -15.3457 -5.9410 3.6998 -0.6566 17.7618 5.4633 6.9883 0.9491 0.1436 0.9310 -0.6966 5.0198 -2.6014 1.3305 -0.5018 4.8657 1.3136 2.8618 0.8452 0.0818 -0.2650 3.4989 1.4792 -0.7332 -3.2646 3.1125 -5.8234 -12.2800 -21.8758 -3.1964 -0.6789 -0.3710 -1.0918 7.8657 9.1660 -4.1224 -1.0350 -0.8030 1.4511 -6.0046 2.4419 2.7278 4.7187 2.0654 3.1488 0.9936 -0.9483 -1.5880 0.5357 3.5544 7.0078 3.0309 0.3219 -7.6748 -3.7640 -22.2340 -25.6022 20.1491 -0.1289 -0.3561 -0.0570 7.1230 9.6018 9.0955 3.7935 2.4728 1.9831 3.6046 6.9572 -0.1865 1.0790 0.2357 1.1914 3.2476 1.4119 1.0690 4.7410 1.0082 -4.1872 -2.7695 -4.3496 -2.0565 -1.2057 -22.5636 -2.9645 18.4982 0.1598 0.6719 0.8338 -11.0495 8.2185 18.3241 7.5747 11.8229 7.0618 4.1607 2.5125 -1.0771 3.2835 4.4164 3.3457 2.5523 0.6551 -0.9619 5.3839 -5.2501 -1.8909 -9.0049 6.3431 13.4911 8.0738 -0.2223 -16.0876 -12.5629 -0.2312 -1.0048 -0.7138 11.2852 -15.0980 11.4190 -0.2739 6.1849 4.9852 8.4853 11.3961 4.5459 7.1689 4.5649 2.3948 5.1292 -2.2438 4.5560 -7.2018 -1.9084 -3.4475 1.9834 4.1485 11.5649 21.8358 -7.5000 -0.9866 0.0650 -0.3076 0.0834 -0.1565 0.2830 0.2736 7.2367 1.5457 -3.6589 11.6739 -5.2033 -6.2825 7.6978 -14.9177 0.7586 1.3128 -3.0234 1.8728 -2.3246 2.2544 6.6693 -3.6104 3.0320 5.6989 6.4595 8.6479 0.4491 0.9307 0.2002 0.9246 -0.4039 0.2499 0.4944 0.6846 0.1293 0.3085 0.2756 0.5967 -3.6538 1.0838 6.0786 -3.4275 -15.7100 -12.8093 -0.1135 -10.7034 -9.6740 -7.6350 -6.6716 0.0541 0.6656 -0.9820 -0.7132 -0.3344 -0.4168 -0.6102 -0.3096 -0.8210
Neuron 3 maps on to neuron 5 with error 0.47959548492259696 ratio -1.5140435395963379
Bias check [53.38944244]
ERROR LAYER EXTRACTED INCORRECTLY
	GAPS: 0.8820 0.9838 0.8543 0.9941 1.0082 0.2300 1.0076 0.9801
	  Got: 1.0000 -0.3290 0.6529 0.2115 1.3858 0.1796 0.6040 0.3256 0.6457 -1.1311 0.4296 -0.3938 -1.5390 0.0541 0.0869 -0.2768 -0.5599 0.1484 -1.0027 0.1859 0.3401 0.5048 0.2869 -0.1859 -0.2586 0.6828 0.2619 0.0796 -0.5031 -0.9209 0.6331 -0.4849 -3.3043 -0.3880 -2.6736 0.3191 -2.1320 -7.9520 -3.6218 1.9147 2.5723 5.4079 2.6626 0.7977 4.1561 1.5790 1.0705 -1.9952 -0.1739 -3.5498 -2.6708 -2.1024 0.8532 0.3391 -0.5199 -0.9919 0.4661 0.0905 -5.8795 16.1834 17.7602 -6.0414 -15.1357 -5.9520 -7.9908 1.0548 -9.9991 -10.5427 -13.4579 -10.5953 -9.2787 -17.0254 -10.1659 -21.0550 -12.5164 0.3816 -15.0218 -14.1172 -5.9685 -0.2701 -1.1583 -4.8764 0.4883 0.4542 -0.0292 -0.7571 -0.0972 14.1044 -6.4259 18.3124 -15.2612 2.8351 -2.9192 -4.2132 -14.1255 -7.2643 -12.7401 -2.9669 -3.6603 -5.2048 -5.2024 -1.6114 -12.0211 -4.4803 -6.3051 -9.9094 0.8701 -6.2466 -6.8584 7.3655 6.1335 -0.0780 -1.1384 0.5799 7.9794 -9.7330 -10.8974 -19.3326 1.2052 3.6968 2.2099 3.5877 3.7345 7.7628 -3.9260 1.3375 -0.8407 1.4893 -2.1243 -2.3262 -1.1729 -1.6326 -0.0071 -2.8085 1.7440 -3.2205 -5.4660 -1.3633 -3.3252 -8.6748 -0.3007 -0.2379 8.6055 -5.6793 1.9929 -9.7696 -1.8816 -11.8150 3.8758 -3.8254 0.6665 5.0163 -1.8379 2.1498 2.3862 3.4873 3.3681 1.7800 4.7979 -1.2667 -3.8918 -1.2365 -5.2007 4.6473 -6.5892 -14.6738 -19.6041 -6.0195 1.2202 3.4265 -1.5584 1.6124 -7.1251 -18.3726 -2.8231 -5.1357 1.2960 -9.1714 0.0748 2.0681 -2.1384 1.3880 0.4858 -0.0931 -1.8592 0.5628 3.9497 -3.8292 3.1335 2.1163 1.2014 -1.5191 -12.8640 -13.6204 -11.8609 -6.4108 -1.1886 2.2167 4.1980 -2.0712 -11.8519 4.2747 -1.0240 0.7970 -6.1070 0.1327 -7.4199 -0.2135 0.1030 3.6358 -1.6984 -2.7211 0.0262 4.9440 2.1809 3.4791 0.7295 2.7314 -1.3875 -2.7304 -6.7413 -6.9324 -23.5206 16.9634 12.6147 6.3546 9.0192 6.3845 -4.6937 -1.4497 1.5753 1.9598 -0.8924 -1.0304 0.6764 -2.4297 3.9549 -3.1091 9.8354 -0.9666 3.3508 4.0414 3.7700 -0.8758 -1.5870 -2.3029 2.1715 -1.2951 -7.5666 -20.5960 -23.4691 7.3173 1.8705 -5.5596 -1.1169 -0.0891 -1.1322 -3.8963 -4.4531 -0.8408 -1.6182 1.5273 2.8922 -2.9847 -2.5953 -2.9694 3.4415 -1.2380 3.3533 3.3962 3.0166 4.1586 -0.4676 0.9992 -4.1767 5.5781 -6.7096 -31.7933 14.8222 -7.7923 3.0599 0.8234 -1.4461 -9.1808 -5.1566 -2.4581 -5.2982 0.8689 -0.6461 -3.2966 -2.7993 2.0579 -1.8023 -7.6575 -0.8808 1.6659 0.3420 5.4681 1.8256 -1.9548 5.5027 5.0047 3.2120 5.7045 -7.8980 -9.1413 -6.5150 1.8052 -0.1529 8.2307 9.9335 -9.3303 -9.6775 -4.5750 3.6181 -0.4927 -1.7147 0.6205 -2.4758 0.6041 -3.1288 -5.5383 -6.5774 -6.6410 -2.8270 2.0681 2.3335 -0.1356 3.1246 1.6459 5.6342 4.1930 -3.6716 -20.8580 -8.3700 -0.6696 1.5780 6.5913 7.5771 -13.0403 -4.6978 0.1184 2.9320 -2.0273 -0.3584 -2.3852 -0.8519 -3.0788 4.2292 -0.5397 -6.1507 -4.9356 -2.0376 -2.3849 -0.9619 2.5206 2.3246 1.4246 -0.2756 -6.0226 12.1972 -2.3688 1.3701 1.8343 -0.0812 13.1211 6.3294 -2.7779 6.8617 -1.8713 -0.0703 4.9918 0.2217 0.6681 5.4555 -1.9291 2.5170 -6.0054 -0.7249 -10.3622 -7.5906 0.5680 0.3126 -1.0508 -0.6728 1.3613 -0.7178 3.6157 5.7488 4.6892 -15.7146 3.6137 -1.9346 -1.6833 -10.6388 -2.6561 -3.6706 8.0881 -1.4081 4.8136 0.2661 5.1411 1.4053 -1.6540 1.0568 -1.9370 -7.0492 -7.3194 -3.5117 0.9734 -4.2410 -1.7981 1.5221 2.6122 4.0765 8.8121 -0.4666 -2.8453 0.1360 3.6263 4.1209 1.1330 -10.9931 -10.1529 12.6871 2.6675 -0.4237 6.5985 1.9454 2.4876 1.2207 -2.2508 1.9202 -4.0198 -8.9353 -8.5491 -0.4959 1.0465 -0.7888 2.5721 0.4624 2.5572 -3.7801 3.8825 7.4838 2.8980 14.1619 3.7912 10.2384 -2.5326 -4.7086 -19.0436 4.2427 8.8604 1.0870 1.1675 1.6618 0.0972 5.9004 1.4761 3.0101 -4.6662 -14.3812 1.2079 -3.4107 0.7846 -0.3555 0.9268 3.8928 3.1997 1.3224 -5.0785 6.1364 -0.3163 24.2830 9.6273 0.1277 -0.6765 2.0202 1.8874 -2.5690 -2.4035 2.8410 3.2294 2.3048 0.3703 1.2211 0.7061 -4.9763 -6.5846 -7.7828 -3.5534 -0.5998 1.9119 -2.4629 0.8974 -3.7241 0.0757 3.3466 -0.6615 5.2156 8.8669 17.2197 13.4718 -8.8874 1.0972 0.8610 -5.8687 0.9811 -0.2533 1.2295 1.6284 0.2082 3.4353 6.3842 0.6339 -3.4405 -7.7325 -3.7894 0.7527 1.2473 -0.5657 2.8438 -4.7073 -0.7037 -3.3628 3.3844 -1.3657 -4.0381 12.1049 3.1807 -1.8971 1.0428 4.0931 -10.2304 1.6315 3.6230 -4.8834 1.5157 -2.9316 1.2989 0.5979 0.7041 0.2738 4.3305 -9.4336 -2.1402 -1.4292 -3.3595 -2.7409 -2.9904 -0.1693 1.5340 0.7031 0.2386 0.2030 3.0386 4.6881 5.3522 0.9181 -0.6067 -0.5395 -9.7710 -3.5836 6.4446 3.9261 1.4837 -2.9164 4.0470 -0.4418 2.6498 3.1163 -0.5305 0.6786 -3.0248 -3.6112 -0.2448 -1.1006 -0.9119 -0.3327 4.8718 7.2761 -4.9467 1.0396 -3.6789 -5.9711 6.4729 -2.4829 0.2606 -2.3887 5.3960 6.4715 -4.5236 -5.3971 3.5179 -0.6593 -1.5998 0.0337 -1.6968 4.2202 2.3612 0.2578 -1.5007 -1.3907 -1.8237 -7.7669 -2.5144 -0.2322 8.0792 -0.4545 7.1317 -3.8045 5.6071 11.9436 3.0240 5.0414 0.5280 -0.0915 -2.9266 5.9929 -8.6189 1.7919 -0.2339 -1.2409 4.3824 1.3681 -4.2808 1.5829 0.0249 2.0994 -2.4536 2.0036 0.8705 3.0157 -3.7143 5.9563 1.1405 -0.3324 6.3016 -4.3114 -3.9764 13.2173 5.2576 7.1780 0.2196 -0.3811 3.0467 31.3618 4.3818 -4.8573 6.9971 -3.1756 -5.4050 2.4062 2.0657 5.0142 5.9412 -0.8197 1.4824 -7.7033 0.0839 -1.6251 0.7234 -6.2521 -7.2558 -3.0644 -1.7908 -3.4444 -5.2509 16.4837 4.8659 0.4770 0.6656 1.0626 -10.9446 -16.7009 -7.5006 -2.1204 -1.6337 -2.6104 3.1239 2.1645 -6.1644 -1.6757 -0.0235 1.2618 1.0292 -2.2971 -2.5895 -1.2473 -6.6670 -7.9963 -8.4058 -10.2133 -3.9810 -12.0402 -15.4536 12.7163 0.6845 -0.5370 -0.4796 0.6764 12.9767 -7.4431 -11.6849 -12.4966 -13.9442 -23.3037 -9.5455 -2.3137 -11.0041 -12.5978 -18.6221 -5.5269 -10.5702 -14.3747 -11.0630 -27.7543 -18.2552 -22.2698 -15.3784 -20.9261 -22.1233 -16.6570 4.8870 -2.2109 0.5567 0.5180 0.4025 -0.8594 1.4505 -1.8686 4.5719 -0.5841 7.9983 -11.3959 -16.5791 -18.0784 0.0883 -6.9808 6.4553 -3.8898 -4.6324 -12.5280 -8.6798 -15.2303 -12.4350 -0.9463 -7.3801 0.8600 1.8418 4.8029 8.9975 -0.5791 -1.0996 -0.0244 0.6618 -0.0835 0.3547 -0.1163 -1.6008 -4.7043 -3.7349 -0.3023 -6.0704 -6.9525 -18.9327 -9.9594 -1.4550 -5.1166 8.2836 5.5258 -0.9340 -12.5535 -7.8731 3.8058 -3.7210 5.5595 -6.0028 -5.8726 -0.6592 0.3429 1.0665 0.1180
	 Real: 1.0000 -0.4208 0.3469 0.3720 1.0890 0.6799 1.1873 0.2234 0.4516 -0.9029 1.0753 -0.4703 -0.5761 0.6989 -0.1626 -0.4895 -0.7637 -0.8003 -0.9327 0.3120 0.3952 -0.0502 0.3036 -0.8948 -0.0782 0.7768 0.1175 -0.1952 -0.4987 -1.1059 0.4417 -0.7953 -0.8538 0.3257 -0.8753 1.2762 0.7433 -2.6224 -4.8203 8.9419 7.1366 8.0910 7.1289 1.3265 1.0119 1.5508 -0.2272 -0.6468 0.9261 -0.5516 -1.1385 1.0798 0.8043 0.5119 -1.1515 -0.6371 1.1349 0.2629 -1.1278 14.9468 16.1905 -2.8285 -13.9408 -1.1962 -3.1221 -1.0598 -8.7757 -13.3796 -16.3603 -14.1129 -14.9589 -22.3702 -10.1307 -25.3491 -18.4166 -1.1969 -22.7206 -22.1656 -5.1095 -5.2594 -1.4899 0.9509 0.1584 0.3172 -1.0825 -1.2732 -1.2686 14.5754 -1.9470 19.5974 -16.7596 -4.9069 -13.6821 -12.4219 -15.4362 -8.1928 -15.1959 -5.6896 -5.4696 -6.0101 -5.5313 1.7708 -11.1507 -3.5173 -5.9111 -5.4802 2.1166 -1.7634 -7.3354 19.2557 20.3946 -1.0536 -0.6726 1.2108 0.4599 -18.0961 -12.3616 -17.0717 -2.2773 -0.8319 0.6043 -1.8404 -0.2428 6.4244 -3.2223 1.1371 -2.9637 2.2509 -2.2179 -0.6352 -1.0663 -1.4413 -0.8795 -2.7180 2.5311 -0.3839 -3.5348 -1.2827 -0.3978 0.0941 -0.7675 -0.3363 -6.3849 -12.6912 1.4949 -8.1189 0.6153 -13.3560 2.6920 -3.9032 3.1190 3.1756 -1.5009 2.1090 1.2536 1.0482 3.8492 2.1448 4.9995 -0.5508 -2.0561 -1.8546 -7.7242 4.2962 -8.8947 -9.2464 -15.0400 -6.0310 0.7177 0.9395 0.5510 3.6168 -4.6356 -17.8619 -2.4363 -4.5804 -1.6827 -8.3084 1.3543 0.2988 -2.9353 -0.2966 -0.2178 0.5163 -2.8687 1.6125 3.5049 -2.2258 1.9539 4.9358 2.2482 2.0866 -16.1859 -5.9308 -15.6778 -4.3894 -0.9045 -0.1486 3.4628 1.0849 -10.5726 2.3873 -0.4141 3.9174 -5.8019 1.3953 -6.7397 1.9056 -0.5545 3.9303 -4.4103 -2.8106 0.6624 6.0862 4.2120 3.7431 1.1176 4.9548 -1.8280 0.8574 -5.1674 -4.8300 -26.8881 16.4638 8.4601 -1.1384 8.6347 12.7710 -4.4153 0.3870 4.3229 3.5028 0.1031 0.8410 0.6596 -1.4619 6.2382 -0.0409 8.6167 -2.3643 5.0566 2.7752 5.5248 -1.6310 -0.6395 0.1193 2.1895 3.5201 -0.2862 -19.5965 -29.0688 -1.8607 0.3224 -0.6581 -1.5811 3.6319 -0.5120 -3.6007 -6.1868 -0.4546 -2.5185 1.9871 3.7589 -0.6576 -1.4617 1.6834 0.7663 -3.5664 3.6088 4.7680 3.8992 5.0592 -0.8818 1.6064 -2.9381 6.5594 -1.3461 -28.0799 4.6462 -2.4871 0.4539 1.1210 -1.7372 -5.2637 -2.8559 -3.8998 -7.6623 1.6006 -2.3078 -0.7283 -1.5134 5.3425 0.4562 -3.0652 -1.6186 -1.7081 -0.1629 3.4105 1.5364 -3.9527 7.8554 5.0325 4.1749 5.7006 -1.0809 -12.4281 -3.6535 -0.4353 -1.1047 3.1839 12.6436 -12.2246 -10.0457 -6.8331 1.4813 0.5808 1.2617 1.6793 -0.4641 2.0962 -1.4322 1.3503 -8.3354 -9.7737 -5.2208 2.0807 2.4810 -0.6043 3.0897 3.1307 6.2445 5.8931 -1.0572 -20.7801 -9.4779 0.0910 -0.8809 17.7124 9.9457 -14.8546 -5.7277 2.6292 6.8246 2.0545 0.9157 -2.8633 1.3402 -2.4621 5.5123 2.4608 -7.0316 -7.7103 -3.7915 -2.4732 0.7713 1.6352 2.9698 2.7294 1.5723 -0.1071 6.7157 -6.2072 -9.0141 -0.6514 -0.1370 18.3568 7.3324 -3.2792 9.4980 3.7127 5.6686 7.7924 0.9235 1.4213 8.5439 -1.9061 6.5434 -6.0397 -1.4214 -11.9293 -8.7882 -0.0074 -0.9944 -0.9595 -1.8840 -0.3585 0.3126 3.2074 -0.1766 3.2544 -21.9297 0.5818 1.2421 -0.5520 -6.5914 -3.0173 1.3721 13.1791 1.4395 5.6204 0.8854 8.1877 1.5566 -2.4689 1.4341 -0.7918 -11.0417 -8.9965 -5.1913 2.6374 -5.5727 -2.4668 2.6788 1.8486 3.5932 9.0605 1.4290 -0.6674 -11.5635 0.8292 0.0810 -0.9897 -8.2259 -11.5788 13.3094 2.3250 -0.3680 8.3005 2.2716 3.5750 0.5227 -0.6951 1.2523 -6.1771 -11.0276 -10.8086 -0.1263 -0.2629 -2.1495 2.0305 2.6175 2.3129 -0.3234 5.9377 7.8773 5.5898 5.5767 -3.7549 -1.1497 0.9970 -6.4314 -24.0833 3.3902 6.3526 0.5712 1.2965 3.2493 -0.0508 5.0854 3.8892 2.8766 -6.7928 -16.8374 0.8294 -2.5206 0.2070 2.5057 1.0213 4.7143 1.9949 1.2389 -7.6560 5.5604 -2.1745 15.8915 3.4714 0.7016 -0.6617 -2.7944 -3.7211 -1.3159 -1.7650 3.8989 3.3674 2.0119 2.5512 3.6703 0.7045 -7.5407 -9.9905 -8.1721 -5.0198 -1.1649 2.3178 -2.0149 0.2832 -4.7665 -0.6586 3.8118 -2.1202 1.8359 3.7643 13.2730 7.9560 0.6112 0.6524 1.1110 -13.4958 -2.8138 -2.5414 1.3291 1.1850 -0.6744 3.4038 6.2200 1.1452 -5.0492 -10.7474 -4.0534 0.7255 4.5278 1.4019 3.1219 -4.4284 -4.2913 -3.4668 0.0510 -2.2590 -8.3652 7.8711 8.4157 3.1991 1.0614 2.5189 -3.2066 -2.5976 1.4192 -4.8827 1.1981 -3.6207 2.5490 -0.1547 3.7051 0.5507 3.8908 -13.2284 -2.3729 -3.1477 -1.5281 -2.3418 -4.0941 1.1188 1.1103 0.6354 0.1318 -1.9262 0.2001 -4.1252 -3.2897 0.3482 -0.4761 4.6253 -11.7274 -3.5976 4.4512 5.2622 0.2416 -5.3742 3.2940 -2.6985 4.7561 3.3828 -0.8215 0.5548 -3.8569 -4.1185 -3.0187 -2.0514 -3.6814 0.0599 -3.3923 3.2864 -5.4650 -2.1654 -3.4109 -5.6177 6.3967 -0.1353 -0.3450 0.9032 5.3994 -0.7660 -3.5345 -6.5409 4.4050 -2.3202 -1.0793 0.8453 -3.3357 6.3907 2.9130 0.6126 -2.9618 -1.1940 -2.2371 -7.7870 -5.7143 -4.4109 0.8935 -0.1042 5.9934 -5.1390 3.2715 5.3577 7.2724 6.5468 0.2256 -1.1695 -12.1079 -3.3581 -13.4463 -3.0402 -3.0279 -0.2887 5.2196 -0.2895 -5.3522 4.0978 2.4109 2.9915 -4.5554 2.5296 0.1111 2.8670 -6.5480 2.8975 -0.8439 -0.8476 -1.2555 -9.6289 -5.5047 5.9917 2.3422 7.6112 -0.5259 -0.2515 -1.3668 30.0364 1.4367 -7.3402 7.7779 -2.8101 -5.7903 2.8381 3.8043 4.5143 6.5578 0.9778 3.1300 -9.1494 -2.5178 -0.2082 -0.5441 -11.2831 -12.1413 -5.8271 -2.0979 -7.9790 -6.0048 5.5149 -2.6040 -0.1311 0.6484 1.1488 -19.4384 -17.2162 -4.5454 1.0461 -2.5708 -3.1856 2.1416 2.8132 -4.8482 -2.7532 2.5905 2.4871 1.3650 -2.5875 -0.1228 -3.3531 -5.9562 -7.6948 -9.1579 -15.0470 -8.4077 -18.8740 -20.6014 9.9519 0.5933 -0.1553 -1.2463 0.3379 0.0053 -0.9056 -15.0113 -11.5079 -14.2209 -21.3495 -11.0309 -1.4222 -12.7741 -9.2706 -20.2127 -7.9543 -10.9341 -12.0299 -13.7308 -31.4630 -19.4020 -27.4697 -16.8781 -14.3866 -17.8708 -20.7980 18.4318 -1.0445 0.6009 -0.2264 1.1695 -0.7733 1.1802 0.6022 -1.0345 8.7421 7.0689 -4.4699 -15.9238 -10.3499 -0.8332 -3.6762 10.1052 1.4849 -2.7016 -10.5878 -10.8733 -16.9616 -10.4520 4.2927 -10.0485 -7.3365 1.5310 -12.8249 -3.5140 -0.7800 -0.9970 0.2298 0.5764 -0.0503 -0.3723 -0.2145 -0.6221 0.0188 0.3008 -2.5802 -5.3925 -5.7456 -17.7038 -6.5950 1.6734 4.0381 17.3610 9.9614 -0.5322 -3.1763 -0.7553 -1.1047 -0.4487 5.8704 5.5350 6.1099 -0.9220 0.1020 1.0080 0.7534
Neuron 4 maps on to neuron 0 with error 0.24583599413725554 ratio 1.1686732145559036
Bias check [-15.08173768]
ERROR LAYER EXTRACTED INCORRECTLY
	GAPS: 0.0604 1.0006 1.0047 1.0020 0.9990 0.9942 0.9881 0.9941
	  Got: 1.0000 0.6120 2.0916 1.2227 1.7343 -1.6442 -0.6113 0.8600 1.2931 -0.6417 -2.1975 -0.7212 -2.7359 -0.3572 1.1148 0.6662 -1.0876 0.3320 1.0477 -0.7381 -1.6892 -1.3698 0.5427 0.4128 -1.5413 0.8256 1.9542 1.7694 -0.4640 -0.4004 -0.6747 1.5203 -3.4986 -1.5273 0.3163 -2.1745 -4.8339 -0.0269 -5.0304 -1.1399 7.4592 6.8320 -3.3481 15.6492 20.8677 19.1175 13.0011 -9.0101 -7.0059 2.6386 1.0566 -1.1136 -0.2290 -0.1717 1.0013 0.0089 0.2322 -0.0740 -0.5940 0.4598 6.6493 -0.1131 -8.1792 -6.3252 -1.2402 -4.3589 -0.9762 1.8219 1.4804 3.9394 5.6236 -0.5943 -3.3611 -24.3613 14.9077 18.1630 56.7253 28.8744 0.7829 0.6630 8.3241 3.1591 0.1888 0.3146 1.9821 1.8567 16.5967 -9.7513 -14.9552 13.7521 9.2497 24.1239 19.0230 43.2520 -4.6620 -27.9963 -28.2569 2.9107 1.1101 -3.1662 -21.7232 -16.1606 -7.9565 -6.8292 -14.9883 -3.3889 1.4636 -0.5397 2.5951 -12.9995 -27.4231 0.8265 0.9377 1.4259 9.9000 -9.5555 3.0797 -18.9817 -7.8606 2.0536 21.9994 29.1560 17.1573 14.2858 -1.7557 0.4801 -4.4522 -8.7604 -2.2867 -7.7922 -6.4379 1.8618 -1.4716 -9.5060 -1.3197 -2.8351 -10.9232 -19.1718 -21.9066 -10.8748 1.5705 -1.1456 23.4647 -18.6636 -24.4085 -15.3469 -11.4843 -7.7675 0.4469 -7.2002 -16.9668 6.4832 -8.4898 -2.0406 8.3694 15.6884 4.1496 5.8935 -5.8752 1.6673 -5.9413 5.7746 -0.3327 1.5907 -5.5577 4.0946 -35.8488 3.1939 0.9618 12.4375 -0.5331 -5.5866 -10.8048 -12.6172 -4.6026 6.6131 13.6303 -10.2450 -3.0478 9.2010 -0.7006 3.4660 -1.1039 -5.2432 -4.0090 -6.2061 -0.7080 -8.0266 0.2324 -5.4187 3.7514 6.4795 -2.1635 -11.2685 -6.3098 -29.2429 -6.4842 11.4998 4.1011 -12.2831 -13.0578 -3.3443 -3.6551 -12.2381 -11.8271 -0.2029 -11.2299 -4.7497 -5.1703 -0.6444 -4.2670 -8.7962 -2.7737 -8.6773 -5.8054 -0.7065 -6.4876 -0.5203 -2.0071 -1.2716 5.5687 -19.1902 -8.8591 15.3615 31.7339 37.7868 4.3993 0.1400 -3.9200 -3.9757 -17.2125 5.4379 2.5091 -3.6784 12.6068 1.6022 -10.5955 -12.4515 -1.4099 -4.9203 -11.3876 0.6835 -4.9314 -1.2535 -4.1066 -5.3012 -7.2071 -3.7411 -7.2470 -14.8158 -1.7894 26.3905 6.7593 -8.7691 -8.0209 -6.0554 -9.0086 -11.4381 6.6135 6.8341 13.1929 -2.1269 2.5262 -6.2796 -6.9774 -14.2602 -7.1606 -4.2518 12.8379 -2.5350 -0.0265 0.3320 -5.9943 6.5138 -11.3968 5.6185 -7.0072 -29.3643 32.4495 -24.3705 9.0969 -14.2520 21.2969 -3.7905 -9.0582 -7.7679 -4.7238 -9.9043 12.1873 -4.7617 3.2620 0.3598 8.7161 -7.6431 -19.3945 3.2548 -1.2370 8.8948 0.2630 2.2984 -6.2820 -3.0568 -3.8014 10.3873 -4.6696 -4.1367 6.4063 1.1984 -20.9304 23.3461 18.4076 -3.4175 -3.3319 9.0759 17.7038 1.7946 -10.4931 3.9317 4.6658 -1.0538 3.0773 0.5537 1.2445 7.5856 0.1616 -4.2278 1.8300 1.3723 2.3194 6.4329 -4.4374 -9.3989 -6.5617 -30.0624 -18.5255 27.9318 0.1390 -21.0747 4.9784 10.8686 -9.7970 -0.6313 5.4355 -9.0410 -8.6386 0.2128 -5.2297 -2.9960 15.4093 7.9440 3.6415 4.6989 0.5648 -1.3528 -5.8268 2.2185 1.3830 -3.4328 -4.3080 0.4905 28.1695 3.1543 29.5558 25.4176 0.6824 7.9024 42.3205 8.0464 3.6460 -8.6465 1.3918 0.0439 -1.2124 -1.9325 -2.1018 2.9210 -2.3686 5.8906 1.2370 -2.0442 -0.4795 -4.0746 3.3449 2.7498 -0.5708 9.8533 14.4564 11.2518 11.5339 -21.0294 -25.3936 7.1816 2.9902 -27.5075 -14.9755 -10.1031 -17.9897 -1.4394 -8.2880 7.6856 8.0572 4.5254 4.0787 8.5757 2.3198 1.5022 8.3748 -0.6836 0.2497 -0.5642 6.9302 -2.9119 -1.1884 10.2864 3.0696 3.6217 -1.2307 -14.2818 3.0498 4.9556 20.7775 6.9820 7.5276 7.5864 -5.5006 7.6763 -8.2708 4.3985 4.1019 0.3227 -3.2764 -0.0225 2.9685 8.6712 7.7447 -1.0375 1.1142 -1.1988 1.8643 -0.1701 -3.7022 7.8977 -11.5761 0.1950 18.4365 -12.1835 -40.9579 0.6412 37.7975 -22.0179 -22.6801 -1.5747 9.7672 5.5598 1.8283 8.6616 -2.5243 -3.4635 2.2462 -3.6275 1.5495 8.8929 2.1254 6.9786 -0.4439 1.4909 -9.5284 3.2442 8.1861 4.1128 -6.5442 4.2559 9.8616 -7.9631 12.5614 9.7768 -1.0127 -21.5548 -1.3491 -13.6332 -7.5056 -9.2548 5.3039 0.8990 -0.6013 4.5534 2.7907 6.8371 0.4462 11.7894 -3.2895 -1.8223 1.3527 1.7375 -4.2759 7.2396 2.5010 11.2000 5.1944 6.3185 20.7636 -16.6750 12.6116 4.4762 -31.7616 -17.4512 -19.8801 -1.0967 1.0085 12.4067 -8.1279 2.2145 3.8179 -0.4287 -7.2223 -1.8476 10.2318 4.1760 -3.4112 5.0091 -10.2634 -1.5845 -7.0929 -8.0305 15.7675 10.3406 14.2703 6.6450 -7.0529 -13.1264 23.9201 5.5006 1.5259 -20.0660 -30.9285 9.2104 6.7552 1.1620 0.0893 -2.9400 -2.1130 4.5873 -1.5382 4.4306 5.1936 1.1095 -1.2721 0.6338 -3.6992 -4.4328 1.0845 -8.5350 2.5033 1.4716 -5.3203 12.8722 -14.3655 -15.5683 5.4685 4.8222 1.4753 -22.3574 5.3945 3.0889 0.7765 -7.7528 -8.5631 -4.0348 0.3752 3.5857 0.5682 1.6231 9.2495 2.1426 1.8382 -1.2560 7.8739 6.2374 -0.5018 2.0108 44.9676 12.7900 -4.6550 20.6462 -4.5080 1.0851 -12.4926 -5.2474 9.3433 -25.9068 26.4019 18.5801 0.7044 5.0134 -3.6007 3.7086 -2.3177 -4.1871 3.4761 1.3119 1.4153 0.6365 7.0215 2.4847 3.3050 -1.0688 4.6524 22.2942 56.7289 -7.0541 3.0650 3.2418 -4.0927 -9.5006 -1.5805 -0.2732 8.4419 7.3043 49.7753 18.0367 6.3605 4.1212 -2.9481 1.4608 -0.0879 -2.3452 -6.5319 -4.2194 -6.2265 -3.3756 0.0364 -5.2663 5.1499 7.9945 12.2870 19.2127 18.8351 -13.7706 43.1454 19.9579 -5.7447 27.2590 55.0914 0.6528 0.6859 0.0667 33.3024 38.2832 16.8009 -1.3935 -1.7425 5.3448 4.0420 -3.4964 -0.4615 -4.5110 0.1978 0.0477 -1.5348 1.7762 8.8294 3.5652 8.3216 10.4289 28.3458 8.6464 4.8518 28.1363 5.5189 52.0547 42.1830 -0.3559 1.1052 -0.4628 -26.5060 -16.0898 -10.2010 -12.8656 -0.3359 -15.4967 -4.3972 5.4979 -9.0825 6.5843 1.0116 -7.3256 4.0957 6.9169 -0.9163 -6.0022 -14.2136 0.7049 27.6446 10.3387 11.1461 17.7641 -16.3799 48.3907 35.2899 -0.8742 1.8180 -1.0758 52.2912 -18.3510 -16.3981 -1.2739 -6.2897 -19.7531 -1.6271 -3.7170 1.9793 -21.6634 -7.5987 -0.8195 -8.6989 -15.0628 -12.9292 -14.4121 -14.6649 -1.7062 18.1098 -23.4368 -11.6397 7.6908 -45.5037 -9.2686 0.4553 1.3545 -1.2548 -1.8200 -0.2244 36.8026 -9.2044 -47.3707 5.1208 -52.8310 -23.2504 -44.5966 -3.0611 -22.3263 -3.2778 -23.2619 -20.3482 -14.7680 -10.8189 2.8695 -20.1620 -22.8597 -22.7507 24.0347 -7.6830 21.4661 34.7333 -27.7011 -1.9252 -0.5154 0.3011 1.1476 0.4645 -0.8582 -12.6432 -21.4285 -22.1664 -4.2543 -5.9686 -15.4377 -31.8225 -43.6564 -36.9986 -64.1714 -54.6112 -28.2216 -27.6430 -62.1738 -31.0361 -15.5389 -41.2510 2.4599 -8.7750 -17.2563 -0.3277 -0.4817 0.2531 -2.0948
	 Real: 1.0000 0.5608 2.0341 1.2237 1.9828 -2.1576 -0.6514 0.6610 1.7013 -1.0371 -2.1456 -0.7407 -2.7062 -0.7047 1.7736 0.2829 -1.5039 0.1247 0.7340 -0.4077 -1.4564 -1.9213 0.1741 0.5768 -1.8594 1.5630 1.8348 1.7952 -0.6022 -0.5043 -0.2779 1.2749 -2.9644 -1.1982 0.4816 -3.7930 -1.8901 -1.1067 -1.8638 -3.0246 3.2668 4.2944 1.1995 25.9931 30.2076 28.4573 13.6699 -15.1777 -15.0772 3.2793 3.4812 -2.1458 -0.8275 0.2012 1.2241 -0.1634 0.3790 -0.1315 -1.4389 1.1551 2.0130 -0.4611 -2.8972 -1.7746 -0.3907 0.0311 -0.5502 5.0453 9.3665 12.8211 12.8814 4.1035 -2.7956 -22.2576 22.5403 24.7477 62.3157 35.4592 -0.7102 4.5976 9.2886 0.0570 0.3975 0.1982 1.7815 2.1491 13.5328 -16.2651 -18.7889 20.6756 17.5886 40.2104 29.8160 57.8964 -0.9780 -16.9962 -17.8138 5.6454 9.2363 3.4438 -21.1477 -15.8535 -7.4276 -5.4085 -18.3769 -0.7559 0.1740 -5.8793 1.1547 -18.1640 -24.2254 0.5588 1.5464 1.7466 11.5094 -22.1581 -3.4956 -24.2437 -13.0178 6.8911 32.4998 37.7699 19.3122 15.3609 -2.2944 1.7011 -6.6876 -9.7496 -4.2771 -9.5676 -6.1074 1.6532 -1.9040 -11.8347 -2.2272 -4.4860 -12.8639 -26.2260 -27.0244 -10.9714 1.8539 -1.6062 17.3905 -24.1884 -16.3711 -24.4033 -8.3673 -11.5030 -1.7839 -8.5678 -16.0920 8.8410 -11.8866 -1.8509 11.3234 16.2166 7.9048 6.1706 -3.3665 0.2797 -7.3128 8.4404 -1.1359 2.5624 -5.3025 1.7996 -45.4150 -1.5299 1.4321 16.7482 -1.7575 -2.6269 -8.0653 -18.7008 -5.2924 4.7247 14.0720 -9.8991 -4.5749 9.0671 -0.8577 4.6047 -2.2196 -6.9762 -5.1626 -8.4972 -3.6195 -7.4736 -0.4056 -6.0228 3.1549 7.3040 0.8537 -19.2552 -6.1807 -35.0050 -5.9346 14.3870 3.7470 -16.9049 -13.5461 -1.2854 -4.8102 -14.0106 -12.1763 -2.3079 -15.3427 -4.7699 -6.3403 -1.6533 -3.8437 -12.1079 -3.7764 -8.6432 -7.3542 -1.1417 -6.7585 -2.0410 -0.8474 -2.6959 5.5737 -19.9326 -11.8792 18.8369 47.9269 52.3396 2.7460 -0.9588 -6.0293 -6.2396 -21.6559 4.8196 1.7738 -2.8321 12.3984 0.9008 -13.5081 -16.2101 -2.3560 -4.2564 -13.1296 0.2325 -4.5689 -2.7628 -3.4154 -6.7474 -5.9168 -5.4927 -11.9941 -16.7963 0.8481 28.4472 9.1419 -15.4251 -6.3020 -9.8592 -8.0835 -15.9813 6.8450 6.3302 15.5190 -1.8657 1.9091 -6.0320 -7.6497 -17.9099 -9.2362 -4.0225 13.7360 -3.4176 0.9836 0.3647 -5.8418 5.1842 -12.2232 6.1295 -12.4934 -33.9195 37.1273 -21.7106 11.3836 -26.0967 27.0339 0.0874 -12.2341 -9.3581 -8.0870 -11.7113 11.9881 -5.7185 1.0652 0.0974 8.1860 -9.3016 -22.0846 3.0334 -1.5113 11.4890 -1.9897 1.4363 -6.0297 -3.5602 -5.7013 12.4296 -3.2130 -0.1129 7.7211 0.3798 -20.7990 31.5911 20.7356 -5.0623 -2.8913 10.0933 22.0892 0.7981 -14.7052 4.1799 4.1540 -3.1959 3.4758 0.0889 -4.4391 6.1359 -0.1844 -4.8500 0.2327 1.9470 -0.1993 5.5017 -5.6035 -8.8332 -17.2829 -29.5361 -17.4642 21.0516 -3.5931 -23.0793 0.0137 11.3892 -11.8961 -1.8615 3.3568 -9.3762 -8.4041 -0.0561 -3.3426 -2.8331 19.7787 8.8942 1.1981 3.2611 0.3516 -2.7874 -6.9670 0.6541 0.5779 -6.7209 -8.3392 -6.4984 34.7350 11.5161 38.6761 16.7232 0.1330 10.0276 46.8221 12.4615 -0.2784 -7.7364 -0.0644 1.5311 -2.4394 -1.0825 -0.2607 3.1955 -3.5831 3.7407 -2.4901 -3.6308 -2.5334 -4.8524 3.5094 2.4483 -4.5919 9.7432 12.6553 13.5794 30.8538 -15.8634 -14.9253 9.6281 -0.7518 -35.3873 -21.7364 -8.7465 -23.3821 -3.2615 -10.7827 8.3000 10.3366 5.4509 5.2080 10.0811 3.7841 -0.4107 6.1583 -1.7329 0.1909 -2.0530 6.8925 -4.0099 0.7349 11.4092 12.0692 4.4962 8.5062 -21.1056 23.0084 6.7711 13.4577 11.9020 8.6775 8.1724 -10.9286 9.7007 -8.4594 5.2768 3.8304 4.1672 -3.1410 -0.5046 3.1724 7.1515 6.3218 -0.9153 0.5755 -2.1618 2.9627 0.4169 -4.1681 8.2425 -7.9209 -0.3514 27.3115 -15.1294 -37.0520 1.6541 32.5986 -28.0219 -21.0886 2.0230 4.7793 6.0850 2.9401 9.1747 -4.8516 -3.7361 2.6193 -3.0312 0.2889 8.0757 1.2387 7.1975 -0.8823 2.8461 -8.6310 5.5543 11.3028 9.0031 -6.8776 7.6060 17.7682 3.9794 26.1753 10.0508 -1.1363 -29.4625 -3.5606 -9.1533 -7.7208 -5.1383 8.4665 0.5635 -1.9813 2.6002 1.2416 7.8314 -0.1355 12.0530 -4.4411 -1.2626 2.9329 1.3572 -2.0087 8.8370 4.4650 12.1329 6.4848 11.6928 32.4985 -6.5826 16.5557 8.4503 -33.6538 -25.4449 -19.5921 15.1339 16.2444 16.2249 -9.0383 2.7279 4.8911 1.0630 -6.2639 -4.4900 12.4823 4.1860 -4.3766 7.1131 -11.4802 -2.6888 -7.1494 -8.5915 18.0885 13.3646 18.9333 13.9538 3.0423 -11.7399 15.5551 3.4293 0.9408 -33.3707 -25.4435 14.7397 8.9728 2.4385 2.5687 -1.8761 -1.5115 4.7858 -3.1250 6.5539 4.8835 3.2538 -1.4091 3.1865 -3.1178 -3.6486 4.7304 -10.0917 3.3685 5.2876 -4.9451 13.0267 -7.0823 -12.6908 10.1579 -0.3038 1.6110 -22.7234 -1.6480 8.6803 5.8239 -5.2586 -5.6693 -1.8066 -0.1431 7.3472 2.8961 6.5533 13.0470 4.4570 3.2843 -1.2197 10.3949 7.8204 2.7105 3.3651 56.2536 17.0376 -7.4109 27.1238 -3.0904 -4.2679 -5.3672 -7.7897 8.4888 -30.1395 28.1695 27.2594 5.6010 7.5071 -4.7762 4.5278 -1.1241 -3.8938 4.1458 2.1224 1.5903 3.7239 7.3127 2.5334 3.9957 -2.2645 6.9419 27.0526 65.4504 -6.7019 4.6966 6.9888 -10.2551 -6.6826 14.2583 0.4702 7.6401 6.5035 68.3893 15.6839 12.2712 5.1488 -4.5123 1.5851 -1.2396 -0.8539 -7.4637 -4.5488 -7.3083 -2.5440 0.0812 -6.1203 6.8066 8.9915 13.2479 24.1827 20.7367 -12.8658 55.2512 26.2016 -13.8126 27.4606 73.9730 0.9488 1.1118 0.6650 55.0983 46.8303 20.5492 0.6308 -1.3645 7.2180 4.5807 -2.0431 -0.4369 -4.4028 0.0449 -1.3776 0.3615 0.1464 10.5916 2.4235 7.3407 14.1646 33.5989 10.0514 6.0472 30.7976 3.1160 54.6223 58.9313 0.1891 1.4628 -0.0553 -14.7010 -11.8095 -14.2255 -13.9422 -3.0577 -16.6139 -5.6395 5.0856 -11.0531 7.1680 -0.7977 -7.6308 5.0742 8.8062 -1.8535 -5.1709 -13.2760 2.6749 26.3072 8.8441 12.6838 17.1060 -18.3255 63.9230 36.1731 -1.5733 2.1104 -1.8426 50.3450 -29.1770 -18.3286 -5.5605 -13.0518 -26.0061 -5.2512 -9.6954 4.2984 -26.4924 -9.4818 -2.0624 -11.9961 -16.6732 -15.0548 -15.0984 -15.1758 -2.9459 13.5332 -41.5823 -16.4889 7.3111 -52.8022 -15.9535 0.1962 2.0953 -2.0227 -1.9218 0.1011 30.0936 -2.5357 -56.8312 -0.5621 -65.3986 -26.2119 -60.2916 -4.2745 -31.7849 -4.5654 -29.3742 -32.0774 -19.6903 -17.8917 0.3365 -31.8884 -28.6594 -25.3762 27.3630 -4.9547 14.8370 31.1561 -25.7811 -1.9009 -1.0915 0.7009 1.1325 1.1560 -0.8898 -12.0415 -24.4375 -23.4870 -6.6731 -6.8100 -17.7935 -31.9878 -50.0490 -43.0038 -76.5901 -67.7715 -35.1599 -36.9260 -74.9254 -41.4804 -20.7365 -35.0408 5.6886 -3.4896 -2.2771 -0.3468 -1.1236 0.1233 -2.0750
Neuron 5 maps on to neuron 7 with error 0.5722335211447113 ratio 0.14988544381099903
Bias check [29.48024011]
ERROR LAYER EXTRACTED INCORRECTLY
	GAPS: 0.6457 0.9309 1.0014 0.9991 1.0030 0.9903 0.9822 0.3275
	  Got: 1.0000 -0.6336 5.2273 3.2870 2.9203 -5.6587 0.5083 -1.3200 0.8376 0.5967 -5.9616 1.1214 9.4433 15.1384 14.1178 17.4070 -0.9986 -0.7173 4.0884 0.2528 -0.9211 -6.0612 3.4376 -0.6768 -7.9981 4.6730 -3.1659 -1.4274 0.1245 -2.8216 1.9843 3.3234 34.5012 27.0527 -39.3660 -19.3425 36.5794 -44.5260 -24.3439 -1.0566 -21.4517 -44.6211 41.9356 10.9664 21.9491 4.8157 -61.3896 -93.2608 -71.5653 -36.6925 -9.7280 -11.9185 2.2311 3.7069 4.8214 2.8614 3.7860 -3.6828 52.1214 18.6483 -58.3975 -15.8592 73.7621 -47.2293 31.6484 22.7524 -69.4389 -61.9044 -49.0428 -54.9713 -42.8515 -63.7966 -49.4051 -65.6086 -60.1633 -27.9332 -11.9272 -27.4891 -45.2619 -61.5266 13.6955 36.3848 2.9343 -0.3610 -1.2608 -1.5943 72.1056 -66.8824 -4.2961 144.3616 29.8550 -62.9080 -64.4883 79.3146 -12.8392 -40.7363 -33.6540 -42.8234 -4.4068 -7.1312 -61.5890 -15.0529 -48.7491 -57.7183 -20.2170 -53.0874 -116.6299 -83.5212 -2.6712 3.5940 72.7399 -5.3093 4.4575 20.6857 -9.9794 -80.5899 -133.7395 15.6629 -72.1441 -13.5913 60.9254 33.4897 20.8412 4.9982 0.6678 34.2521 -17.7014 -18.4270 -1.7298 -5.2334 22.1510 -12.3569 -18.5874 -12.2796 -1.8823 -53.6590 -34.4273 -49.3977 -93.6444 28.2556 3.6636 -0.2519 17.7455 -3.5611 43.9674 -52.4883 -8.7415 -28.3450 -26.6654 8.4231 -30.2036 -0.2515 -9.5831 -9.8312 5.2105 25.0479 -3.5942 -11.5076 -23.0510 0.3688 -23.9262 20.1292 -20.1023 -11.6982 -9.7118 -50.9651 -104.3171 58.4761 5.5797 27.8805 -65.0592 -6.6626 63.3967 -13.7054 14.5805 48.5711 0.0268 -26.6835 -9.4541 8.8200 -21.1619 -16.3943 -32.3920 -29.4737 -20.3762 -19.6831 -11.4695 -0.5130 -5.2688 -0.9087 4.1054 33.8120 -44.8882 -18.5786 -9.6201 -48.3805 -20.3450 3.9627 -50.7563 -4.3582 -32.7015 2.9626 -4.0188 -4.9746 7.3496 1.3787 -20.0252 -13.0387 -14.3647 -33.2911 -4.1241 -21.7632 -15.2647 3.8869 2.5403 20.1005 12.5703 5.2647 -1.1586 2.3229 1.8799 44.7562 16.3393 43.4919 47.2628 59.3241 -42.8680 42.1747 43.2682 -9.8129 -16.4098 12.8188 -22.9413 -11.5040 22.6939 -13.6775 -34.7385 -17.9708 -20.8828 -3.4753 -15.6972 12.1126 8.5192 -9.5231 3.0686 -0.5262 22.3767 11.8661 -6.8892 85.1112 -14.0204 -21.4192 22.8009 -98.0724 -28.8005 -6.6229 -20.4206 -32.6255 -15.3447 10.6806 11.2469 -9.0117 -21.2420 -21.6053 0.3985 -9.4917 -26.6570 -12.1290 28.1680 -22.0047 -6.6469 5.8407 -1.8280 26.4178 -8.4839 20.3604 -75.8403 2.7383 -8.5838 53.9495 35.1296 -160.0948 94.7543 -0.8847 25.4738 -6.5361 -46.6174 -21.1274 10.3001 -13.6914 -5.0494 -3.3075 16.3723 10.8250 -22.9175 17.8269 -5.1220 18.4952 0.2787 3.7972 -4.5748 -23.8445 5.4458 23.7277 -12.2462 52.1170 64.6270 17.3500 -71.4400 -35.3509 -28.3942 -7.3222 16.2753 -1.6686 20.7560 -23.1920 -43.6425 -20.5373 -7.5272 -14.4840 0.0044 20.5282 8.5274 6.0944 -12.6380 -28.9103 3.0567 -11.4521 -6.7715 24.0703 -8.4621 -32.0778 -65.8870 -50.6305 -56.0347 -48.2258 -21.6253 44.7828 -18.1179 -24.1809 -37.0025 -31.1153 -16.9014 -18.6160 -10.2882 -8.5459 1.8719 -8.3081 42.5890 34.3884 16.1746 -1.8036 1.9745 -11.7553 0.5123 6.6802 0.7104 -27.0250 -46.4644 -19.5098 -8.5283 50.2397 133.7518 -26.5103 0.8307 96.2005 67.3712 -22.1261 -69.0307 -23.1768 13.7419 -15.2669 6.7083 6.3405 -6.8167 15.6356 13.1353 0.4781 -3.8467 5.9679 -8.4937 -7.7873 -13.5696 -4.8940 -27.6298 17.7971 -5.0385 -22.1591 -69.4982 -3.6053 41.9058 -17.0915 -21.2155 -29.8995 -95.6557 -29.4332 -16.5831 -0.6476 1.8915 5.5415 20.5117 17.6985 11.0605 16.1570 12.0745 14.6995 29.0601 4.3636 -0.1050 7.5128 12.3566 -4.6970 -11.4313 0.9211 5.8866 18.8947 60.7951 0.7122 41.8475 11.6466 -14.1616 15.4172 77.0874 35.8967 27.4332 37.4002 -23.7687 37.0882 7.4645 9.6643 -14.5903 -5.6250 10.4501 31.3193 21.3945 -3.9023 5.9766 -8.6355 1.6337 -3.8375 9.8992 -19.6790 -8.6475 22.7080 51.4926 -58.6622 -77.9229 11.1077 29.4591 -30.1886 -65.1118 13.7988 -28.3608 1.7024 -8.8464 -0.6206 9.1838 -8.5863 -2.8321 7.0104 19.3267 11.3010 12.8048 12.1483 3.8645 -2.3374 -19.9189 -0.5024 9.0105 18.5127 -8.9105 3.7442 39.9639 44.0867 98.0753 13.6907 -3.1605 -84.9585 -10.7870 -12.9407 -21.1721 6.4166 17.7692 10.0168 3.4652 31.0428 28.7691 -7.4754 0.5758 22.1466 6.2393 -8.9641 18.7425 11.9834 12.8179 -3.7522 2.4164 29.8065 6.2548 36.0682 -5.7300 -47.0489 -0.4579 68.3605 -36.7752 -61.1587 -55.3240 50.6449 0.9744 10.6983 -34.2879 -11.9542 -27.2855 -40.8576 -55.1416 -26.6552 -1.5809 2.9696 6.1334 7.2730 -13.3856 -3.5164 5.3655 -1.6219 25.9003 53.3998 34.1926 65.6445 21.4961 -43.6465 -24.6464 44.6781 2.5533 -70.3571 -34.0014 28.4314 -7.5497 18.0228 6.6048 2.8278 -4.2304 15.1032 0.4016 -9.3394 -45.2370 27.0561 19.4470 28.5067 5.1211 1.5972 1.0947 -36.6249 -5.5226 36.6808 -5.6582 -6.0121 13.2886 -38.1997 18.7522 44.2816 3.8058 -41.7081 -1.4197 26.4750 -5.7957 -20.6809 -3.2987 -0.4638 3.5492 1.8372 -15.7953 28.6533 8.8177 -3.3095 1.7784 8.7761 15.7808 22.6376 18.3098 -8.8629 58.5590 -0.5485 -29.1352 32.1060 -21.9826 -56.3548 37.0824 56.0324 6.3438 -5.9353 21.6916 54.6112 -38.6877 27.4738 -14.0589 29.1735 -17.1874 -17.8177 -1.4582 -3.5445 9.2770 4.7336 -9.7386 -1.3258 2.1736 -14.3936 6.3077 33.6552 83.0768 -23.5434 18.5192 15.7936 -99.3055 -53.1551 19.4189 0.6331 8.2999 3.9556 111.4157 24.2924 -18.7358 21.9822 -8.8837 34.5638 -13.4827 4.4713 2.3512 -23.6640 -29.9822 -10.5494 -25.7074 -9.0240 -10.5668 3.1355 15.4812 41.7267 39.0627 -9.9908 69.9963 27.8650 -34.1527 -30.3759 130.3504 -5.9736 -2.7203 -1.1331 105.8518 -21.1736 -28.4023 -8.8432 -25.4591 26.9464 6.7412 -13.8479 -16.2270 -10.4064 -7.7762 -10.7708 -5.6760 -2.6518 -11.8203 6.4150 -25.1120 -9.1066 40.0714 18.9245 0.0495 -3.0862 -23.1719 34.4768 221.0167 2.7733 6.5255 -0.2521 -130.1563 -11.7941 -22.6562 -31.1564 -12.6759 -45.7337 -26.4297 1.2957 8.2074 13.6206 1.7813 -7.1273 7.5370 -5.9336 -8.3446 3.0493 -28.5742 -13.4808 10.0680 34.2623 17.4859 -25.2676 -24.0550 174.1471 95.9282 0.1052 4.2839 -0.8908 174.5416 -119.2209 -42.4233 -29.5812 -46.8752 -26.4096 -9.7141 -18.9932 12.8513 -37.4492 2.0736 -0.8404 -14.3319 -14.3584 -23.9649 -32.8506 -35.4877 -50.3658 34.3503 -64.4646 -37.1563 28.8979 -49.3042 -23.1541 32.5553 1.2374 1.9287 1.4028 3.0613 138.4218 -60.2132 -183.4849 -84.8111 -113.3968 -105.3722 -194.7028 -39.6430 -133.3238 -18.2967 -52.7246 -115.2639 -77.9863 -68.4346 -0.9424 -38.7436 -49.7401 -102.2399 -73.0238 -134.1681 -120.1315 -57.5288 -94.0930 -2.1264 -1.7736 -3.0607 -2.1792 4.3186 2.3228 -57.3852 -80.2781 -56.0921 -83.1526 -69.1380 -17.5520 -33.3988 -96.8503 -89.8195 -160.3066 -81.7678 -113.0581 -92.3423 -143.3447 -92.9217 -108.0671 -93.0649 -14.3971 -49.9171 -145.6909 1.0902 -4.9483 -0.1441 -6.1336
	 Real: 1.0000 0.2619 -1.4704 -0.1763 -1.7982 1.6100 -1.5383 1.5601 0.5900 -2.0106 2.8155 -0.4966 -8.7371 -10.5374 -10.2705 -12.4631 -0.5929 0.3028 -2.0614 -0.3606 -0.9592 2.1219 -3.4159 1.0498 3.4775 -1.5815 3.4511 2.8984 0.2505 1.9595 -2.5769 -1.1999 -26.1942 -21.8344 35.0842 11.9096 -26.7392 41.2086 16.9236 3.8284 26.0942 42.8467 -27.1720 22.6043 14.0736 28.7860 62.8610 57.2000 40.4613 37.7284 13.4492 9.4171 -1.3219 -2.5525 -1.8848 -2.7766 -2.2596 1.8571 -35.8388 -17.9380 43.5569 16.2825 -56.8165 39.2029 8.7963 -1.2755 70.3097 45.1381 37.3504 30.7837 32.7196 42.5759 40.8968 26.2206 74.7239 61.2631 86.5569 64.9430 45.8320 48.9762 0.3098 -20.9848 -2.7444 -0.3979 2.5772 2.5422 -44.0443 29.3225 6.1296 -78.3113 -1.5955 49.3745 74.5192 7.7399 14.7349 7.2831 17.0830 49.3738 10.5352 8.8081 20.8535 -6.3134 38.2732 36.6803 0.2535 48.4594 86.6226 44.4406 3.3497 -12.8410 -73.1661 3.5397 -1.3213 -14.4222 23.9131 32.5603 94.7398 -26.6738 30.6692 10.7995 -7.7869 8.3531 3.6793 10.8203 1.1126 -22.1663 -1.6693 5.1705 -0.1118 -12.9481 -18.3006 9.3712 5.9889 -0.6448 3.8145 28.4270 34.7050 21.5447 34.4020 -23.9410 -0.2984 -2.7807 1.5339 -21.2884 -27.7897 24.9556 9.1931 16.2274 19.8774 -11.2907 9.0595 5.6994 0.6483 6.1617 9.0781 -3.9770 13.0771 15.1208 14.8647 -2.6070 12.6624 -5.9205 14.6958 2.5582 7.5710 56.6323 35.5985 -36.3698 -2.3515 1.4201 50.7030 11.4249 -48.9143 -9.5401 -16.7044 -30.3333 11.4552 11.4670 8.3556 9.0150 14.5875 15.1960 23.6865 19.6810 10.6028 2.8889 5.8575 -5.6864 1.8298 -2.9916 6.5500 -18.0669 36.6673 11.1819 11.0278 10.6556 10.0070 19.9735 38.7398 -13.0646 6.2017 -5.3144 -4.2996 -10.7601 -18.4124 -7.4516 -1.2719 6.1236 4.7780 25.9613 1.8163 4.2070 5.7501 -11.2216 -12.2461 -19.9731 -18.4369 -8.6878 -5.5575 -5.8370 1.3143 -53.2068 -16.0973 4.0078 11.8639 14.5744 12.7658 -25.7111 -29.0347 2.6546 -7.3881 -4.5857 25.9159 3.9369 -1.9634 13.7955 15.9744 1.3897 9.8829 0.1564 -4.0216 -12.9962 -8.8243 1.8418 -7.2470 -4.5631 -22.6205 -20.4380 2.5261 -72.7154 7.4540 58.6218 -10.2886 62.3169 12.4186 -1.4194 9.9903 4.6219 22.8009 3.9711 4.3840 7.2472 16.7449 14.7569 -10.0376 -5.7958 7.9904 0.1338 -10.2426 10.8363 6.9544 -6.6152 0.1250 -12.5421 -9.1612 -1.6507 40.7678 -23.6335 23.9853 -60.8512 -17.0602 74.8257 -41.2861 17.8698 -29.1530 -10.3491 22.7642 3.2053 8.1769 3.6052 6.4908 4.2485 -8.0238 -10.7225 -3.2443 -19.7310 3.0578 -7.9983 -1.8518 -2.4277 -6.5787 11.0143 -7.4099 -1.9357 17.2287 -30.2621 -38.7790 -16.1888 30.7899 50.2115 22.8719 -0.3084 -9.2360 1.8890 6.3906 19.4960 16.0067 13.7736 12.0716 4.4225 5.9872 -4.4712 -10.1625 2.0881 6.9776 8.2653 -0.3005 7.1016 5.4458 -9.9418 2.0579 10.6585 38.1627 25.5688 43.5206 53.0724 10.0785 -61.6609 14.8265 33.4106 13.7938 24.4753 14.5582 6.5397 -1.7216 1.3403 -3.4356 3.9400 -8.6971 -10.6571 -4.5113 2.6397 -1.6963 6.2965 -6.5471 -6.8368 0.7781 2.9529 15.2062 4.4923 26.3204 -17.3814 -49.8676 22.3084 -2.6903 -58.7081 -7.6831 39.8920 41.8800 10.7637 -1.4952 8.9437 -10.3078 -6.5013 8.9570 -8.7295 -8.5367 9.2645 2.3554 -9.8302 6.7223 -2.5506 11.0163 7.7074 2.4543 -7.2752 -0.3275 21.2623 59.0999 -21.6916 -45.5750 -0.8262 21.8542 -10.2198 62.2870 27.5881 5.3678 -3.3980 -13.2973 -3.0128 0.9532 -4.7080 -1.8374 -3.8781 -2.3364 -10.2537 -14.4210 -3.8998 -3.6645 -11.0909 -0.4049 -5.4419 0.8698 10.2690 4.0183 -2.4508 -30.8336 -20.7658 -24.0025 -12.9981 22.6950 4.5941 -37.7300 -6.5566 -39.6190 -17.9301 7.8837 -11.7814 -4.6922 -5.3226 5.6447 4.3823 -7.0998 -15.8944 -5.3460 0.8922 -4.7505 -0.1233 -4.1008 -5.1108 -5.3700 23.3050 -1.2968 -10.2838 1.9455 37.5168 -4.2864 -28.0731 0.9146 2.2678 30.4872 -4.0993 13.8672 -0.4177 1.2965 6.1083 -6.1620 0.6556 1.6915 -4.6648 -14.4715 2.9535 -4.3221 -8.7012 -4.2003 -1.2392 4.7117 8.6731 4.2178 -10.5487 6.7469 10.1966 0.1252 -24.7886 -61.4072 -22.6051 0.8698 39.5013 -3.1701 4.0210 8.9438 -16.4988 -9.9728 -14.5884 -11.2814 -16.4858 -15.2261 11.9238 5.6043 -5.8531 -11.5588 -1.4002 -16.1939 -11.1067 -13.0541 15.5457 8.7107 -9.8493 3.7320 -5.5939 38.0251 7.7980 0.8569 -63.8141 0.8588 25.5891 21.4721 -5.3657 15.6932 -0.9829 4.4766 0.4827 3.3817 2.3603 12.4645 -3.8307 1.3778 -8.0104 -17.5273 -2.3005 -0.9956 4.4576 -11.5763 -5.5000 4.4350 -18.6488 -1.3359 -29.7638 -21.2045 -16.7478 23.2619 -34.2381 -2.6866 20.6146 30.3176 6.9287 14.1632 -10.7994 -3.4141 -7.9349 1.1896 -16.1521 -2.5963 2.7943 25.0021 -23.7280 -21.0180 -16.1420 -3.2693 -0.4080 7.1265 20.8106 10.0141 -18.8771 1.1029 16.5079 -20.2471 -16.1416 -26.5569 -34.6086 -2.0799 32.4042 8.4313 -2.4590 11.1789 7.3116 -6.1662 -11.3470 -0.1221 7.8788 14.2461 -14.1678 6.1880 6.9120 1.3221 -1.9148 -0.7325 -6.5695 -10.8900 14.5613 8.0414 12.2561 15.2344 4.7451 7.0028 23.9974 -43.6955 -46.6481 3.2611 -6.5482 20.7737 -13.0656 41.0790 -12.7032 6.6679 -20.4054 19.3811 7.1012 5.9097 5.7572 -0.3607 2.2426 18.1110 5.0426 3.1624 10.0552 4.6359 3.0497 1.5155 7.8179 -9.2742 -11.6810 48.5138 -0.0947 2.5660 -0.9728 1.0345 2.4563 -6.9974 -3.1312 21.9372 -18.2387 -2.9308 -22.3755 1.8204 -3.8378 -7.2944 20.6749 20.0918 8.9512 19.6154 -0.9998 13.6653 7.9029 5.4534 -1.0888 -5.7613 -7.7731 -7.9294 -0.2526 -14.6575 17.0663 2.4827 4.9284 2.5661 1.7699 -16.5497 73.2311 53.4217 9.9477 19.6729 -9.2049 4.8762 15.9363 13.5140 2.2412 5.4065 10.6355 9.2426 4.2909 20.6226 4.2425 27.9576 14.8265 1.3129 -10.7947 4.9794 34.3635 -2.5072 17.7680 -93.9849 -2.1575 -2.6455 1.2878 66.4599 8.4652 26.2881 20.9216 19.4078 24.5691 17.3745 7.5574 -17.9957 -0.0848 5.1282 0.9628 3.4356 15.9755 6.0358 -4.5162 3.3302 14.1870 14.3199 -12.7251 12.8541 44.6672 -4.5750 -86.0988 -46.9178 -1.9599 -2.3618 -2.4066 -83.8792 52.8887 24.4457 20.5788 31.6624 4.3922 11.8004 17.9499 0.7315 12.6657 -5.3253 -0.7834 5.3912 -4.2936 6.0890 3.5613 11.1109 32.0873 -6.7382 19.5935 33.4108 9.5880 -18.6105 -0.3232 -26.3464 0.3433 -3.2855 -3.2173 -2.4998 -70.5213 44.9961 90.9791 59.5988 36.4511 52.0177 89.3695 33.3880 56.4387 12.2211 15.7039 52.8700 46.0494 30.0683 5.2011 5.8740 7.1971 53.3094 87.6707 107.1794 101.1032 66.8107 45.1176 -0.0963 1.4480 2.8254 3.0560 -1.9486 -2.3785 32.7190 41.0804 22.3124 56.8775 44.5547 -2.4434 1.6706 19.6878 6.4901 32.9103 -7.9206 39.5353 19.6023 29.8676 26.7797 54.4667 37.8798 16.4332 48.8719 128.2416 -2.0432 1.7195 -0.4699 1.8577
Neuron 6 maps on to neuron 1 with error 0.5841663657244704 ratio 1.566229756574276
Bias check [2.58913241]
ERROR LAYER EXTRACTED INCORRECTLY
	GAPS: 0.9299 0.3413 1.0006 1.0014 0.7282 0.9815 0.9825 0.9976
	  Got: 1.0000 -0.2529 0.5060 0.8495 -0.6247 -0.1185 -0.5324 0.0639 -0.3292 -1.1001 -0.6643 0.8123 2.5845 2.8672 0.3881 0.6515 0.0032 0.4602 0.5127 0.4401 -0.3842 -0.3216 -0.4017 0.0159 -1.3730 0.9550 0.2666 0.5710 0.0991 -0.6067 -0.0175 0.8291 1.1070 -0.1051 6.0975 7.7593 2.9005 3.5082 6.6523 10.6692 12.8926 7.8608 -3.1570 8.5471 8.3813 9.7360 11.2811 3.2793 4.7194 -0.2944 -0.1936 1.7676 0.4727 0.1947 0.7612 -0.1690 0.1188 -0.5182 6.9133 5.6846 5.0839 -2.3325 5.9804 2.0560 22.4207 21.1892 8.9791 -2.2835 -4.2594 -11.8223 -2.9590 -5.0820 6.9123 4.0684 10.4173 13.5494 11.3742 10.1283 8.9729 8.4301 3.8889 2.0095 -0.4288 -0.5639 -0.1572 -0.5535 8.3326 4.9940 11.9780 17.3257 3.1179 -22.4186 2.3346 17.6047 8.0444 -4.6358 9.0589 9.0078 -0.3258 3.5384 -3.4866 -5.4903 8.6541 -0.4128 6.4559 3.4851 1.2813 -16.6753 -5.9228 1.1333 -3.3169 -0.3636 0.2496 0.0265 20.5531 4.9160 -1.4310 2.6288 -1.9227 3.8901 7.1373 6.6424 9.1365 1.1787 5.4113 4.3471 -2.9666 0.2968 3.5190 -4.4228 6.1823 -1.9212 -4.0680 -0.9552 5.5885 -8.5774 9.7113 4.8956 -8.0920 -0.1864 0.9650 -1.2566 12.6606 9.1142 17.5157 6.6995 4.5411 1.6621 1.8943 0.7967 -1.6720 1.4307 0.9447 1.9591 3.1666 1.1696 2.4031 -1.7042 0.6194 -0.7720 0.0104 -0.1439 3.0099 -5.2395 2.0614 -1.6709 -0.6662 10.4696 0.7846 9.9708 5.3199 7.8895 3.7489 -1.8668 -0.8733 0.9138 2.3222 -2.9512 3.8861 5.0830 -0.4674 0.2232 2.0183 2.2190 2.7379 -2.5774 2.9364 -1.8937 -0.1520 1.8409 3.0675 -4.9732 0.2360 3.9490 6.0982 6.5032 -1.0991 11.8006 6.0293 0.0025 -2.0761 1.0288 0.2512 0.5295 -2.4338 0.0822 -1.5640 -0.3093 -0.5270 1.1786 3.7783 0.4992 -1.7663 -0.3552 -2.5611 0.9645 0.6206 -2.0076 -3.8739 -4.6003 -2.7087 -6.4144 5.0493 17.7422 4.0064 18.3566 -13.5920 0.7780 6.5655 -1.6137 0.9648 -0.4839 1.7330 -3.4181 4.7557 -0.4393 2.6715 -0.3284 0.9012 0.7532 -1.5978 1.1524 1.5774 -0.9783 -1.6471 -1.3818 3.1480 -7.7836 -1.2799 -1.5933 2.9227 22.2944 0.4475 -7.8147 -0.7869 -2.9216 2.5735 -4.7431 0.5511 4.0652 -2.3690 1.3822 -0.7199 -2.1505 0.3326 1.0638 2.1761 -0.7273 1.2110 -2.2242 0.3212 -0.4006 2.8414 3.1421 -5.6511 7.4128 -10.8804 0.3893 2.4763 8.3897 1.5483 -18.5939 9.0539 9.9332 3.4411 -2.6220 -3.7382 -1.4036 3.8597 -6.5533 -0.6521 -0.3832 -2.7907 3.7531 5.0441 -0.7833 1.9713 -0.1455 0.8525 0.9990 -3.9831 -1.2975 -0.3459 3.9282 2.1179 9.4055 1.8141 9.1701 -2.9943 -6.7632 -7.5343 3.4686 5.3766 -5.1628 3.1591 -0.9016 -6.5657 -6.7735 -3.1363 -6.3337 -1.1508 6.8680 2.9016 1.0063 0.8265 -6.6697 2.3314 -0.5310 0.1399 1.9784 -1.5158 -5.8480 -1.2709 5.8140 10.0751 8.8561 -1.4919 -9.5981 3.5329 -0.9133 -2.7919 -1.5131 -4.2989 -4.9639 -4.4975 -3.8874 -3.1494 -5.3621 1.0732 -0.4036 4.7643 -1.0828 0.0493 -1.1168 -0.4082 0.1227 0.1540 -9.6714 -12.2976 -14.1897 -3.9778 6.8512 19.3246 3.7632 -2.1007 -1.3294 5.2707 1.3717 -11.5243 -9.8909 -1.8149 -7.3417 -4.6773 -3.5284 -1.4802 -5.3119 -1.8243 -0.7094 2.1798 -3.6553 0.5039 -2.6997 -1.3689 -1.1098 -8.8169 -1.5431 -13.4656 -6.4372 -14.0102 -0.7228 3.9240 -18.5813 2.6006 -4.4983 10.7074 10.3437 3.5887 -6.8163 -7.1025 -7.0156 2.1551 -1.8003 -0.2928 -2.6196 0.8412 -2.2606 4.3538 1.1681 -1.1646 -4.9463 1.7880 -5.7629 -7.2629 -0.2037 -2.5662 10.1865 0.4129 4.2868 1.3098 -10.6501 4.1850 0.6175 8.9803 2.3990 -6.1406 -1.9803 -3.0433 8.2947 -2.4200 -1.9561 -2.3340 -1.6488 -0.9874 1.3791 5.1477 -2.8491 -1.3652 -1.7693 -4.1520 -5.2825 3.8243 0.2185 -6.4257 7.3048 9.0688 3.3823 -2.4227 -3.0504 2.2800 2.7256 14.5398 -0.1526 -10.3993 -0.2911 -4.8734 -3.9572 2.0947 -0.7958 -1.7347 0.2544 -0.8943 2.5511 1.6335 -4.7450 -3.7878 -6.6867 -4.6587 1.3988 -0.5565 -0.2951 6.1080 1.4324 9.4270 0.4113 1.3811 -5.0065 -0.4709 1.7231 0.0452 4.0268 -0.3100 -6.0513 -2.9122 -5.5108 -2.5280 3.0983 3.2559 -2.3373 5.5779 -0.0347 -1.4806 -5.2162 -4.5153 -2.7295 -2.6127 1.9414 4.2716 1.9610 2.2839 7.2660 5.2214 -8.6770 -11.3119 -6.1872 5.1801 6.0916 1.9281 17.4517 5.0461 -1.8889 -8.9004 -7.9284 -13.3815 -19.4387 -14.4951 -12.6171 -8.1825 -7.2181 -5.5973 -0.4055 -1.3092 1.5158 3.6707 1.7134 8.8950 7.0070 11.3491 3.5146 -3.8348 -24.2319 -6.8202 0.0618 0.1190 10.4380 24.5835 15.3166 2.4943 2.7963 3.1963 0.7111 0.3205 -3.8944 -0.8100 -8.2012 -8.0926 -2.4442 -3.3471 3.9186 1.9878 7.2171 3.7450 1.9407 6.2430 4.5648 2.0268 1.7561 1.9656 -12.9557 2.6057 1.4586 -0.7278 11.9485 0.6667 9.5523 9.3348 -1.6911 2.5003 -1.0196 5.8493 5.4097 0.2090 2.7033 1.6155 3.4847 3.9763 5.3997 3.6434 5.3177 1.5845 2.9947 4.9283 0.2881 -0.4200 5.3637 -7.4042 -6.8330 2.2474 1.4870 -0.1006 12.5940 2.0728 6.6206 0.2328 -0.9111 -0.5723 1.8899 5.5910 -1.5513 3.8272 2.2436 4.4816 2.7831 2.4399 0.2279 2.0366 -0.0896 3.3887 3.3901 6.3137 -3.2751 6.2249 -3.8597 -5.5342 -8.9239 2.8283 0.1313 0.4395 2.0754 15.8656 6.0113 -4.5322 2.2389 1.6034 0.9007 -1.9420 0.6398 0.7148 4.3005 -0.9317 2.8652 1.2100 -0.1257 0.5662 1.6219 3.3280 7.7219 2.6459 0.4631 2.4754 0.2182 -17.7962 -11.4160 24.5978 -0.2054 -0.1536 0.0514 18.0256 8.8967 5.0101 3.0973 2.7989 1.3994 2.8149 4.6303 -0.0552 -0.1091 0.1434 -0.2875 3.9333 2.5250 1.4535 2.4728 1.6407 -0.6847 4.1586 -1.7849 -1.1333 4.0470 -19.5313 9.3214 25.5484 0.5136 0.6360 0.5741 -0.5996 11.8219 18.7782 4.3695 12.8613 3.8479 6.0080 3.4059 -3.4019 1.9957 4.9125 2.5242 3.3123 0.4159 -1.3477 6.9817 -5.5146 -5.1064 -4.6319 3.7494 11.7346 7.7426 0.7392 -8.7112 -1.7908 0.1637 -0.7226 -1.0807 4.4325 -17.1294 9.2260 -4.8827 5.1371 -4.3966 3.7589 8.9403 3.3586 3.3852 1.3662 1.3958 2.0672 -4.3400 3.0941 -8.1446 -4.6815 -0.2465 1.5624 -1.5344 2.8457 13.7240 -14.3489 -2.5455 4.6107 -0.2211 0.1601 0.1589 0.2937 -9.5958 -10.5769 -4.7110 -6.3669 8.9784 -4.3958 -9.6794 7.9849 -9.9628 -0.8132 2.8572 -6.9744 -0.1303 -1.6243 0.9091 1.4052 -6.2405 -3.7096 1.9186 4.9913 13.8371 12.0066 -1.3650 0.0634 0.4782 0.1158 0.1108 0.0934 0.6941 -4.7532 1.6203 1.1075 6.1399 5.7683 -1.0740 0.3660 -5.1496 -16.1695 -10.2058 -9.2750 -7.4471 -9.8263 -11.6622 -8.7471 -1.5760 -8.1478 -5.6896 -2.0543 12.9619 -0.1373 -0.5852 -0.1485 -0.8768
	 Real: 1.0000 -0.9040 0.8776 0.7124 -0.9862 -0.5313 -0.3265 0.3263 -0.3104 -0.8326 -0.0184 0.9571 0.2209 1.0262 -0.3631 0.6360 0.4059 0.0795 0.1681 0.3350 0.2199 -0.2249 -0.7638 -0.0571 -0.9675 0.6160 -0.4588 0.1073 0.7842 -0.1909 -0.3129 0.5028 0.8414 -0.3917 0.3424 0.0719 0.8621 -0.3625 0.3703 -0.6537 0.2282 0.4380 0.3272 -0.6808 0.4554 -0.7107 -0.8235 -0.9616 0.4367 0.1240 -0.7462 -0.9524 1.0506 0.5501 0.5366 -0.4830 0.0509 -0.6109 0.4470 0.6811 0.8411 -0.8160 -0.2341 -2.9475 24.4344 17.8967 10.0934 -8.3258 -11.8506 -24.3949 -11.7262 -10.1244 1.7324 -0.0339 2.4249 10.1847 6.3232 5.7291 7.7380 0.4955 0.2905 0.2313 -0.4507 -0.8782 0.0684 -1.0474 -1.3214 -1.0912 16.5192 13.5121 -0.6535 -35.6719 -1.4240 8.0289 2.5587 -5.5140 10.4942 9.5016 -2.0856 -1.3923 -3.3745 -3.5671 4.3023 -4.0087 3.8922 -0.3572 -6.2583 -19.8723 -0.9130 0.2724 -0.6262 -0.7897 0.0695 -0.2383 11.7878 1.6205 -7.6799 6.8244 -5.7925 -1.4698 3.2036 -2.6077 2.9504 0.2313 2.7390 2.9558 -4.6334 1.8807 2.9538 -6.8799 5.0998 -2.4983 -5.0400 2.2688 4.3238 -11.8771 16.7118 11.3835 -10.3956 0.0065 0.5911 -0.9484 12.3484 10.1873 25.5267 6.9989 8.3891 5.3442 3.2280 3.8190 1.2370 -0.8810 5.3148 1.2266 2.0479 0.0798 1.0495 -1.0463 1.0575 -2.9169 -0.6260 0.2353 1.7481 -7.6002 5.9487 3.1261 -3.3112 9.5851 0.9220 6.2180 -1.4539 7.2188 5.5605 -2.6642 0.2073 1.1852 -1.7415 -0.9703 4.6886 6.7613 -0.3423 -0.4639 1.7841 3.9201 1.6299 -3.7259 2.5459 -0.2026 -0.2553 1.0686 4.6165 -3.8932 -0.2155 6.7335 11.2383 8.8228 0.1375 7.9787 -4.0878 -0.3334 -7.1204 1.3494 -1.9421 -0.5709 0.1831 -3.8751 -1.6857 -0.5539 1.2093 2.0416 5.3739 1.0310 -1.6923 1.6282 -3.2268 -1.7108 -0.3591 -3.5478 -4.2393 -5.0647 -6.1241 1.4328 8.2029 18.4690 0.2851 8.1265 -19.0321 2.8334 9.7429 0.1710 2.4501 -1.2443 3.6254 -3.2608 1.6630 0.0846 2.7647 2.3141 0.4728 3.9565 -2.0222 -0.9993 2.6835 -1.2669 -1.8881 -0.0604 2.6578 -9.1599 0.6075 7.8771 -4.1411 18.3307 -0.5914 -3.3986 -2.7532 0.5934 2.5984 -3.2557 2.5120 3.7961 -3.9857 1.7627 -1.7318 1.0556 -2.4006 2.1695 1.6554 -1.9515 -2.6743 -2.5134 0.0197 -1.7351 5.0886 1.8635 -3.8747 6.8080 -11.0811 5.5754 -10.9740 -0.4672 0.4632 -19.2445 1.7807 9.4478 1.5321 -3.4708 -2.9978 -0.0324 3.6315 -3.5197 -0.5431 -0.7348 -6.5740 1.8050 4.7364 -4.6766 1.4070 -2.9439 1.7870 0.8183 -3.9373 -1.7268 2.6349 2.9003 1.5380 11.1459 -1.5229 -0.1125 -0.3633 -6.4908 -22.3959 0.0933 4.3607 -9.0280 0.1793 -0.5418 -4.4130 -7.2702 -1.5597 -4.6677 -1.0096 2.8629 1.9239 1.7790 -0.7458 -7.6030 2.0577 -2.7659 1.3755 1.7419 2.3838 -4.6627 2.0591 13.7203 16.8420 -10.7738 0.7552 -8.0592 -0.4888 -0.7812 -1.0927 -0.3648 -5.3934 -1.6997 -0.8092 -4.3050 -0.0438 -0.8236 1.0474 1.9178 6.3096 -0.3900 0.5318 -0.2154 0.3146 -0.3375 0.0730 -10.0101 -12.2577 -10.1694 -10.8009 11.4879 20.6440 -13.5642 -2.1659 3.2005 -8.5404 7.0433 -12.4087 -4.5318 3.0467 -6.0010 -2.8193 -0.9822 2.2692 -0.3948 1.6935 2.8947 2.4752 -1.7395 2.4984 -2.1183 -1.4847 0.3718 -11.3595 -2.4822 -18.5303 -10.0101 -21.9736 -2.2196 7.4980 -19.9201 2.1415 5.8392 3.9140 12.7122 12.6353 -3.2666 -1.8902 -7.0430 3.9856 1.4202 0.5742 -2.0695 2.8183 -0.3395 3.8136 1.0359 -2.4940 -3.5539 1.9718 -4.0286 -8.8469 -0.6473 -3.2212 8.0019 4.0771 2.1577 -4.4924 -7.3202 1.3922 4.9803 5.8187 10.0996 -1.5161 0.8425 -1.0476 10.6567 -2.8959 -2.5124 -0.7983 -0.9417 -1.4462 1.2548 3.9684 -1.1912 -0.7175 -2.4107 -4.8136 -6.1040 4.6390 -1.1059 -2.8832 5.7556 10.5286 5.7161 -7.9476 -10.9305 0.3319 6.7694 4.1663 4.7024 -11.4373 -1.5739 -7.8833 -4.1571 4.9207 -1.3719 -1.2342 1.9723 1.2865 2.7100 3.5750 -6.0525 -1.7367 -4.9986 -3.5356 2.1360 -1.8633 -3.9059 7.2048 5.5102 11.6686 6.9170 0.5078 -12.8080 -0.2665 6.2752 -1.1750 10.3241 -0.3998 -5.6818 -5.5183 -5.7961 -4.8730 3.0311 3.4541 -3.1574 6.5603 -0.1782 -2.8569 -5.2479 -3.7848 -2.7373 -1.0611 2.4694 5.1747 0.5147 1.7300 9.6824 0.2561 -11.7731 -9.6811 -8.7976 -0.6498 7.0093 1.0276 21.9388 1.9987 -8.0769 -10.2194 -10.4375 -20.7479 -27.6344 -20.1873 -17.6960 -12.2229 -8.5309 -6.9067 -3.6303 -0.5602 2.8982 2.0085 1.4055 6.8809 6.8631 7.6656 5.5497 -4.0463 -26.7017 -18.3378 -8.0631 -0.9364 6.4381 20.8958 15.5421 0.5149 -0.0494 -0.4435 -3.2510 -0.8989 -7.3773 -1.8982 -10.9741 -12.9482 -3.2662 -3.6220 4.4332 2.0839 4.0360 2.2253 2.0813 2.3747 3.3411 2.9593 -0.8980 2.9290 -17.9381 -10.9106 1.1298 -1.0258 18.5323 7.9085 6.3135 3.0814 -3.3404 -0.2042 -6.2220 3.9489 3.0270 -2.5608 1.4366 -1.9547 -0.5977 -1.0912 5.0609 2.0625 2.6093 3.0307 2.6013 -1.8623 -2.1456 0.5597 1.7424 -7.7864 -15.3457 -5.9410 3.6998 -0.6566 17.7618 5.4633 6.9883 0.9491 0.1436 0.9310 -0.6966 5.0198 -2.6014 1.3305 -0.5018 4.8657 1.3136 2.8618 0.8452 0.0818 -0.2650 3.4989 1.4792 -0.7332 -3.2646 3.1125 -5.8234 -12.2800 -21.8758 -3.1964 -0.6789 -0.3710 -1.0918 7.8657 9.1660 -4.1224 -1.0350 -0.8030 1.4511 -6.0046 2.4419 2.7278 4.7187 2.0654 3.1488 0.9936 -0.9483 -1.5880 0.5357 3.5544 7.0078 3.0309 0.3219 -7.6748 -3.7640 -22.2340 -25.6022 20.1491 -0.1289 -0.3561 -0.0570 7.1230 9.6018 9.0955 3.7935 2.4728 1.9831 3.6046 6.9572 -0.1865 1.0790 0.2357 1.1914 3.2476 1.4119 1.0690 4.7410 1.0082 -4.1872 -2.7695 -4.3496 -2.0565 -1.2057 -22.5636 -2.9645 18.4982 0.1598 0.6719 0.8338 -11.0495 8.2185 18.3241 7.5747 11.8229 7.0618 4.1607 2.5125 -1.0771 3.2835 4.4164 3.3457 2.5523 0.6551 -0.9619 5.3839 -5.2501 -1.8909 -9.0049 6.3431 13.4911 8.0738 -0.2223 -16.0876 -12.5629 -0.2312 -1.0048 -0.7138 11.2852 -15.0980 11.4190 -0.2739 6.1849 4.9852 8.4853 11.3961 4.5459 7.1689 4.5649 2.3948 5.1292 -2.2438 4.5560 -7.2018 -1.9084 -3.4475 1.9834 4.1485 11.5649 21.8358 -7.5000 -0.9866 0.0650 -0.3076 0.0834 -0.1565 0.2830 0.2736 7.2367 1.5457 -3.6589 11.6739 -5.2033 -6.2825 7.6978 -14.9177 0.7586 1.3128 -3.0234 1.8728 -2.3246 2.2544 6.6693 -3.6104 3.0320 5.6989 6.4595 8.6479 0.4491 0.9307 0.2002 0.9246 -0.4039 0.2499 0.4944 0.6846 0.1293 0.3085 0.2756 0.5967 -3.6538 1.0838 6.0786 -3.4275 -15.7100 -12.8093 -0.1135 -10.7034 -9.6740 -7.6350 -6.6716 0.0541 0.6656 -0.9820 -0.7132 -0.3344 -0.4168 -0.6102 -0.3096 -0.8210
Neuron 7 maps on to neuron 0 with error 0.31080343412646155 ratio 0.5002241885807504
Bias check [-17.24758973]
ERROR LAYER EXTRACTED INCORRECTLY
	GAPS: 0.0966 1.0005 1.0047 1.0023 0.9988 0.9941 0.9692 0.9941
	  Got: 1.0000 0.6238 2.1053 1.2231 1.6793 -1.5294 -0.6028 0.9047 1.2028 -0.5538 -2.2099 -0.7171 -2.7434 -0.2796 0.9677 0.7523 -0.9946 0.3775 1.1180 -0.8122 -1.7417 -1.2464 0.6256 0.3760 -1.4712 0.6609 1.9813 1.7639 -0.4334 -0.3772 -0.7635 1.5760 -3.6199 -1.6014 0.2795 -1.8129 -5.4955 0.2147 -5.7416 -0.7181 8.4017 7.4031 -4.3684 13.3381 18.7835 17.0323 12.8564 -7.6322 -5.2003 2.4963 0.5140 -0.8832 -0.0951 -0.2552 0.9516 0.0476 0.1995 -0.0609 -0.4049 0.3042 7.6902 -0.0360 -9.3651 -7.3472 -1.4309 -5.3440 -1.0716 1.1005 -0.2854 1.9511 4.0003 -1.6471 -3.4887 -24.8418 13.2038 16.6953 55.4952 27.4107 1.1178 -0.2178 8.1110 3.8551 0.1418 0.3412 2.0282 1.7921 17.2893 -8.2955 -14.1025 12.2067 7.3849 20.5296 16.6125 39.9887 -5.4893 -30.4714 -30.6079 2.2990 -0.7101 -4.6483 -21.8603 -16.2358 -8.0778 -7.1501 -14.2358 -3.9801 1.7532 0.6556 2.9185 -11.8481 -28.1503 0.8866 0.8019 1.3548 9.5436 -6.7363 4.5539 -17.8108 -6.7085 0.9710 19.6556 27.2377 16.6811 14.0502 -1.6358 0.2074 -3.9529 -8.5422 -1.8417 -7.3975 -6.5148 1.9093 -1.3751 -8.9881 -1.1171 -2.4670 -10.4933 -17.5991 -20.7688 -10.8577 1.5074 -1.0435 24.8346 -17.4333 -26.2185 -13.3243 -12.1868 -6.9335 0.9466 -6.8967 -17.1694 5.9575 -7.7325 -2.0836 7.7111 15.5755 3.3099 5.8340 -6.4394 1.9786 -5.6364 5.1798 -0.1532 1.3745 -5.6172 4.6099 -33.7200 4.2535 0.8569 11.4770 -0.2593 -6.2518 -11.4231 -11.2593 -4.4499 7.0385 13.5370 -10.3264 -2.7072 9.2351 -0.6660 3.2126 -0.8553 -4.8571 -3.7520 -5.6951 -0.0562 -8.1537 0.3753 -5.2855 3.8870 6.2986 -2.8402 -9.4840 -6.3410 -27.9636 -6.6096 10.8578 4.1822 -11.2519 -12.9528 -3.8070 -3.3980 -11.8461 -11.7538 0.2681 -10.3128 -4.7469 -4.9104 -0.4188 -4.3633 -8.0581 -2.5499 -8.6876 -5.4611 -0.6091 -6.4295 -0.1798 -2.2676 -0.9532 5.5696 -19.0312 -8.1856 14.5892 28.1187 34.5418 4.7714 0.3859 -3.4489 -3.4703 -16.2243 5.5789 2.6747 -3.8692 12.6586 1.7599 -9.9470 -11.6144 -1.1987 -5.0709 -11.0021 0.7847 -5.0145 -0.9161 -4.2629 -4.9800 -7.4992 -3.3500 -6.1866 -14.3778 -2.3810 25.9405 6.2283 -7.2815 -8.4091 -5.2056 -9.2193 -10.4246 6.5643 6.9498 12.6770 -2.1865 2.6658 -6.3372 -6.8298 -13.4480 -6.6983 -4.3049 12.6418 -2.3384 -0.2526 0.3247 -6.0309 6.8141 -11.2160 5.5061 -5.7809 -28.3555 31.4141 -24.9760 8.5889 -11.6039 20.0199 -4.6606 -8.3504 -7.4150 -3.9724 -9.5039 12.2366 -4.5489 3.7555 0.4182 8.8383 -7.2748 -18.8000 3.3052 -1.1764 8.3179 0.7675 2.4922 -6.3409 -2.9451 -3.3774 9.9339 -4.9977 -5.0399 6.1142 1.3823 -20.9680 21.5078 17.8932 -3.0501 -3.4314 8.8514 16.7285 2.0193 -9.5541 3.8775 4.7817 -0.5739 2.9888 0.6579 2.5180 7.9134 0.2388 -4.0905 2.1883 1.2441 2.8844 6.6445 -4.1779 -9.5294 -4.1625 -30.1922 -18.7706 29.4839 0.9752 -20.6340 6.0929 10.7562 -9.3309 -0.3557 5.9030 -8.9695 -8.6939 0.2728 -5.6546 -3.0333 14.4370 7.7343 4.1902 5.0228 0.6130 -1.0319 -5.5737 2.5698 1.5642 -2.6977 -3.4068 2.0565 26.7099 1.2821 27.5242 27.3754 0.8059 7.4293 41.3287 7.0607 4.5262 -8.8533 1.7184 -0.2894 -0.9382 -2.1237 -2.5153 2.8607 -2.0971 6.3747 2.0723 -1.6899 -0.0191 -3.9019 3.3095 2.8185 0.3294 9.8820 14.8651 10.7351 7.2105 -22.1951 -27.7489 6.6363 3.8298 -25.7527 -13.4670 -10.4109 -16.7890 -1.0321 -7.7324 7.5513 7.5500 4.3206 3.8277 8.2415 1.9926 1.9313 8.8747 -0.4487 0.2628 -0.2312 6.9413 -2.6678 -1.6194 10.0388 1.0547 3.4268 -3.4122 -12.7590 -1.4198 4.5510 22.4254 5.8827 7.2728 7.4582 -4.2868 7.2266 -8.2318 4.2034 4.1645 -0.5384 -3.3078 0.0853 2.9240 9.0147 8.0667 -1.0654 1.2353 -0.9834 1.6189 -0.3015 -3.5993 7.8228 -12.3993 0.3167 16.4557 -11.5281 -41.8492 0.4144 38.9768 -20.6814 -23.0454 -2.3807 10.8884 5.4441 1.5797 8.5500 -2.0039 -3.4035 2.1637 -3.7624 1.8325 9.0796 2.3247 6.9323 -0.3461 1.1876 -9.7328 2.7287 7.4911 3.0189 -6.4721 3.5072 8.0943 -10.6418 9.5163 9.7188 -0.9854 -19.7921 -0.8540 -14.6423 -7.4601 -10.1807 4.5975 0.9745 -0.2923 4.9929 3.1390 6.6172 0.5766 11.7351 -3.0326 -1.9484 0.9990 1.8232 -4.7856 6.8849 2.0622 10.9954 4.9074 5.1171 18.1433 -18.9422 11.7338 3.5882 -31.3505 -15.6676 -19.9521 -4.7330 -2.4041 11.5562 -7.9273 2.1002 3.5791 -0.7632 -7.4393 -1.2566 9.7316 4.1750 -3.1961 4.5400 -9.9947 -1.3373 -7.0830 -7.9080 15.2532 9.6674 13.2315 5.0100 -9.3170 -13.4424 25.8033 5.9668 1.6577 -17.0940 -32.1696 7.9754 6.2616 0.8765 -0.4659 -3.1795 -2.2484 4.5448 -1.1836 3.9566 5.2649 0.6299 -1.2421 0.0623 -3.8312 -4.6100 0.2686 -8.1898 2.3105 0.6176 -5.4067 12.8426 -16.0025 -16.2192 4.4201 5.9723 1.4452 -22.2842 6.9743 1.8370 -0.3540 -8.3143 -9.2150 -4.5354 0.4910 2.7449 0.0471 0.5188 8.4030 1.6247 1.5146 -1.2648 7.3122 5.8850 -1.2214 1.7085 42.4576 11.8434 -4.0395 19.2032 -4.8275 2.2850 -14.0937 -4.6802 9.5384 -24.9687 26.0161 16.6429 -0.3925 4.4564 -3.3396 3.5265 -2.5860 -4.2544 3.3276 1.1309 1.3767 -0.0547 6.9589 2.4745 3.1518 -0.8015 4.1410 21.2367 54.7982 -7.1354 2.7005 2.4039 -2.7138 -10.1357 -5.1294 -0.4392 8.6251 7.4862 45.6251 18.5705 5.0388 3.8929 -2.5990 1.4334 0.1699 -2.6801 -6.3258 -4.1473 -5.9867 -3.5634 0.0261 -5.0771 4.7809 7.7745 12.0768 18.1072 18.4163 -13.9789 40.4504 18.5675 -3.9399 27.2243 50.8836 0.5870 0.5904 -0.0668 28.4328 36.3833 15.9676 -1.8476 -1.8275 4.9273 3.9232 -3.8230 -0.4668 -4.5372 0.2325 0.3673 -1.9603 2.1424 8.4379 3.8224 8.5446 9.5965 27.1805 8.3353 4.5865 27.5513 6.0594 51.5003 38.4473 -0.4786 1.0257 -0.5538 -29.1607 -17.0553 -9.3038 -12.6295 0.2738 -15.2524 -4.1206 5.5922 -8.6447 6.4563 1.4173 -7.2603 3.8784 6.4965 -0.7066 -6.1913 -14.4288 0.2638 27.9548 10.6776 10.8054 17.9186 -15.9505 44.9305 35.1058 -0.7180 1.7531 -0.9046 52.7477 -15.9332 -15.9723 -0.3139 -4.7776 -18.3601 -0.8156 -2.3789 1.4609 -20.5903 -7.1800 -0.5413 -7.9635 -14.7074 -12.4579 -14.2640 -14.5561 -1.4293 19.1420 -19.3811 -10.5581 7.7791 -43.8865 -7.7750 0.5130 1.1894 -1.0828 -1.7981 -0.2974 38.3199 -10.7015 -45.2700 6.3957 -50.0370 -22.5953 -41.0981 -2.7907 -20.2163 -2.9907 -21.9016 -17.7286 -13.6711 -9.2385 3.4377 -17.5433 -21.5696 -22.1715 23.2986 -8.2975 22.9599 35.5484 -28.1425 -1.9312 -0.3869 0.2116 1.1517 0.3101 -0.8519 -12.7831 -20.7632 -21.8796 -3.7142 -5.7823 -14.9163 -31.7978 -42.2413 -35.6679 -61.4141 -51.6844 -26.6790 -25.5745 -59.3419 -28.7091 -14.3809 -42.6580 1.7375 -9.9626 -20.6185 -0.3237 -0.3381 0.2824 -2.1005
	 Real: 1.0000 0.5608 2.0341 1.2237 1.9828 -2.1576 -0.6514 0.6610 1.7013 -1.0371 -2.1456 -0.7407 -2.7062 -0.7047 1.7736 0.2829 -1.5039 0.1247 0.7340 -0.4077 -1.4564 -1.9213 0.1741 0.5768 -1.8594 1.5630 1.8348 1.7952 -0.6022 -0.5043 -0.2779 1.2749 -2.9644 -1.1982 0.4816 -3.7930 -1.8901 -1.1067 -1.8638 -3.0246 3.2668 4.2944 1.1995 25.9931 30.2076 28.4573 13.6699 -15.1777 -15.0772 3.2793 3.4812 -2.1458 -0.8275 0.2012 1.2241 -0.1634 0.3790 -0.1315 -1.4389 1.1551 2.0130 -0.4611 -2.8972 -1.7746 -0.3907 0.0311 -0.5502 5.0453 9.3665 12.8211 12.8814 4.1035 -2.7956 -22.2576 22.5403 24.7477 62.3157 35.4592 -0.7102 4.5976 9.2886 0.0570 0.3975 0.1982 1.7815 2.1491 13.5328 -16.2651 -18.7889 20.6756 17.5886 40.2104 29.8160 57.8964 -0.9780 -16.9962 -17.8138 5.6454 9.2363 3.4438 -21.1477 -15.8535 -7.4276 -5.4085 -18.3769 -0.7559 0.1740 -5.8793 1.1547 -18.1640 -24.2254 0.5588 1.5464 1.7466 11.5094 -22.1581 -3.4956 -24.2437 -13.0178 6.8911 32.4998 37.7699 19.3122 15.3609 -2.2944 1.7011 -6.6876 -9.7496 -4.2771 -9.5676 -6.1074 1.6532 -1.9040 -11.8347 -2.2272 -4.4860 -12.8639 -26.2260 -27.0244 -10.9714 1.8539 -1.6062 17.3905 -24.1884 -16.3711 -24.4033 -8.3673 -11.5030 -1.7839 -8.5678 -16.0920 8.8410 -11.8866 -1.8509 11.3234 16.2166 7.9048 6.1706 -3.3665 0.2797 -7.3128 8.4404 -1.1359 2.5624 -5.3025 1.7996 -45.4150 -1.5299 1.4321 16.7482 -1.7575 -2.6269 -8.0653 -18.7008 -5.2924 4.7247 14.0720 -9.8991 -4.5749 9.0671 -0.8577 4.6047 -2.2196 -6.9762 -5.1626 -8.4972 -3.6195 -7.4736 -0.4056 -6.0228 3.1549 7.3040 0.8537 -19.2552 -6.1807 -35.0050 -5.9346 14.3870 3.7470 -16.9049 -13.5461 -1.2854 -4.8102 -14.0106 -12.1763 -2.3079 -15.3427 -4.7699 -6.3403 -1.6533 -3.8437 -12.1079 -3.7764 -8.6432 -7.3542 -1.1417 -6.7585 -2.0410 -0.8474 -2.6959 5.5737 -19.9326 -11.8792 18.8369 47.9269 52.3396 2.7460 -0.9588 -6.0293 -6.2396 -21.6559 4.8196 1.7738 -2.8321 12.3984 0.9008 -13.5081 -16.2101 -2.3560 -4.2564 -13.1296 0.2325 -4.5689 -2.7628 -3.4154 -6.7474 -5.9168 -5.4927 -11.9941 -16.7963 0.8481 28.4472 9.1419 -15.4251 -6.3020 -9.8592 -8.0835 -15.9813 6.8450 6.3302 15.5190 -1.8657 1.9091 -6.0320 -7.6497 -17.9099 -9.2362 -4.0225 13.7360 -3.4176 0.9836 0.3647 -5.8418 5.1842 -12.2232 6.1295 -12.4934 -33.9195 37.1273 -21.7106 11.3836 -26.0967 27.0339 0.0874 -12.2341 -9.3581 -8.0870 -11.7113 11.9881 -5.7185 1.0652 0.0974 8.1860 -9.3016 -22.0846 3.0334 -1.5113 11.4890 -1.9897 1.4363 -6.0297 -3.5602 -5.7013 12.4296 -3.2130 -0.1129 7.7211 0.3798 -20.7990 31.5911 20.7356 -5.0623 -2.8913 10.0933 22.0892 0.7981 -14.7052 4.1799 4.1540 -3.1959 3.4758 0.0889 -4.4391 6.1359 -0.1844 -4.8500 0.2327 1.9470 -0.1993 5.5017 -5.6035 -8.8332 -17.2829 -29.5361 -17.4642 21.0516 -3.5931 -23.0793 0.0137 11.3892 -11.8961 -1.8615 3.3568 -9.3762 -8.4041 -0.0561 -3.3426 -2.8331 19.7787 8.8942 1.1981 3.2611 0.3516 -2.7874 -6.9670 0.6541 0.5779 -6.7209 -8.3392 -6.4984 34.7350 11.5161 38.6761 16.7232 0.1330 10.0276 46.8221 12.4615 -0.2784 -7.7364 -0.0644 1.5311 -2.4394 -1.0825 -0.2607 3.1955 -3.5831 3.7407 -2.4901 -3.6308 -2.5334 -4.8524 3.5094 2.4483 -4.5919 9.7432 12.6553 13.5794 30.8538 -15.8634 -14.9253 9.6281 -0.7518 -35.3873 -21.7364 -8.7465 -23.3821 -3.2615 -10.7827 8.3000 10.3366 5.4509 5.2080 10.0811 3.7841 -0.4107 6.1583 -1.7329 0.1909 -2.0530 6.8925 -4.0099 0.7349 11.4092 12.0692 4.4962 8.5062 -21.1056 23.0084 6.7711 13.4577 11.9020 8.6775 8.1724 -10.9286 9.7007 -8.4594 5.2768 3.8304 4.1672 -3.1410 -0.5046 3.1724 7.1515 6.3218 -0.9153 0.5755 -2.1618 2.9627 0.4169 -4.1681 8.2425 -7.9209 -0.3514 27.3115 -15.1294 -37.0520 1.6541 32.5986 -28.0219 -21.0886 2.0230 4.7793 6.0850 2.9401 9.1747 -4.8516 -3.7361 2.6193 -3.0312 0.2889 8.0757 1.2387 7.1975 -0.8823 2.8461 -8.6310 5.5543 11.3028 9.0031 -6.8776 7.6060 17.7682 3.9794 26.1753 10.0508 -1.1363 -29.4625 -3.5606 -9.1533 -7.7208 -5.1383 8.4665 0.5635 -1.9813 2.6002 1.2416 7.8314 -0.1355 12.0530 -4.4411 -1.2626 2.9329 1.3572 -2.0087 8.8370 4.4650 12.1329 6.4848 11.6928 32.4985 -6.5826 16.5557 8.4503 -33.6538 -25.4449 -19.5921 15.1339 16.2444 16.2249 -9.0383 2.7279 4.8911 1.0630 -6.2639 -4.4900 12.4823 4.1860 -4.3766 7.1131 -11.4802 -2.6888 -7.1494 -8.5915 18.0885 13.3646 18.9333 13.9538 3.0423 -11.7399 15.5551 3.4293 0.9408 -33.3707 -25.4435 14.7397 8.9728 2.4385 2.5687 -1.8761 -1.5115 4.7858 -3.1250 6.5539 4.8835 3.2538 -1.4091 3.1865 -3.1178 -3.6486 4.7304 -10.0917 3.3685 5.2876 -4.9451 13.0267 -7.0823 -12.6908 10.1579 -0.3038 1.6110 -22.7234 -1.6480 8.6803 5.8239 -5.2586 -5.6693 -1.8066 -0.1431 7.3472 2.8961 6.5533 13.0470 4.4570 3.2843 -1.2197 10.3949 7.8204 2.7105 3.3651 56.2536 17.0376 -7.4109 27.1238 -3.0904 -4.2679 -5.3672 -7.7897 8.4888 -30.1395 28.1695 27.2594 5.6010 7.5071 -4.7762 4.5278 -1.1241 -3.8938 4.1458 2.1224 1.5903 3.7239 7.3127 2.5334 3.9957 -2.2645 6.9419 27.0526 65.4504 -6.7019 4.6966 6.9888 -10.2551 -6.6826 14.2583 0.4702 7.6401 6.5035 68.3893 15.6839 12.2712 5.1488 -4.5123 1.5851 -1.2396 -0.8539 -7.4637 -4.5488 -7.3083 -2.5440 0.0812 -6.1203 6.8066 8.9915 13.2479 24.1827 20.7367 -12.8658 55.2512 26.2016 -13.8126 27.4606 73.9730 0.9488 1.1118 0.6650 55.0983 46.8303 20.5492 0.6308 -1.3645 7.2180 4.5807 -2.0431 -0.4369 -4.4028 0.0449 -1.3776 0.3615 0.1464 10.5916 2.4235 7.3407 14.1646 33.5989 10.0514 6.0472 30.7976 3.1160 54.6223 58.9313 0.1891 1.4628 -0.0553 -14.7010 -11.8095 -14.2255 -13.9422 -3.0577 -16.6139 -5.6395 5.0856 -11.0531 7.1680 -0.7977 -7.6308 5.0742 8.8062 -1.8535 -5.1709 -13.2760 2.6749 26.3072 8.8441 12.6838 17.1060 -18.3255 63.9230 36.1731 -1.5733 2.1104 -1.8426 50.3450 -29.1770 -18.3286 -5.5605 -13.0518 -26.0061 -5.2512 -9.6954 4.2984 -26.4924 -9.4818 -2.0624 -11.9961 -16.6732 -15.0548 -15.0984 -15.1758 -2.9459 13.5332 -41.5823 -16.4889 7.3111 -52.8022 -15.9535 0.1962 2.0953 -2.0227 -1.9218 0.1011 30.0936 -2.5357 -56.8312 -0.5621 -65.3986 -26.2119 -60.2916 -4.2745 -31.7849 -4.5654 -29.3742 -32.0774 -19.6903 -17.8917 0.3365 -31.8884 -28.6594 -25.3762 27.3630 -4.9547 14.8370 31.1561 -25.7811 -1.9009 -1.0915 0.7009 1.1325 1.1560 -0.8898 -12.0415 -24.4375 -23.4870 -6.6731 -6.8100 -17.7935 -31.9878 -50.0490 -43.0038 -76.5901 -67.7715 -35.1599 -36.9260 -74.9254 -41.4804 -20.7365 -35.0408 5.6886 -3.4896 -2.2771 -0.3468 -1.1236 0.1233 -2.0750
Real:  [array([[-0.03939356,  0.0812456 , -0.05439964, ...,  0.06774061,
         0.02568086,  0.0244192 ],
       [-0.02209025, -0.07344709,  0.03017581, ..., -0.02850213,
         0.02291114,  0.00639578],
       [-0.08012896,  0.07129772, -0.06651969, ...,  0.02349719,
         0.06183161, -0.03590601],
       ...,
       [ 0.04426208, -0.0495739 , -0.05611417, ...,  0.00691244,
         0.07729621,  0.0419881 ],
       [-0.00485598, -0.02515025, -0.05989837, ...,  0.06828578,
         0.02465911, -0.0114748 ],
       [ 0.08174032, -0.06670619,  0.01068216, ...,  0.05103839,
        -0.05670534,  0.04536296]]), array([ 0.04593918, -0.42787899,  1.4882183 , -0.0402896 ,  1.10949359,
       -0.74309582,  0.56129294,  0.05608013])]
Corrected:  [[-0.04546606  0.0702522  -0.04511075 ... -0.06497023 -0.0677406
  -0.01275049]
 [-0.02836228 -0.01776467 -0.02760612 ...  0.02137805  0.02853963
   0.00807906]
 [-0.09572174  0.03554625 -0.09435531 ... -0.04241839 -0.02350014
  -0.06665011]
 ...
 [ 0.01537238 -0.04111012  0.02172904 ... -0.02227719 -0.00688634
   0.06309391]
 [-0.01284083 -0.01043506 -0.01141741 ... -0.06928866 -0.06828833
   0.00183751]
 [ 0.09550045 -0.06159573  0.09449814 ... -0.00766499 -0.05104002
   0.07820664]] [[ 17.29352891]
 [ -3.0170114 ]
 [ 15.12767686]
 [ -2.49826387]
 [  6.56233697]
 [ 54.13253826]
 [  1.1072711 ]
 [-29.42415998]]
Original Neuron 0 maps on to recovered neuron 7
ERROR LAYER EXTRACTED INCORRECTLY
Original Neuron 1 maps on to recovered neuron 6
ERROR LAYER EXTRACTED INCORRECTLY
Original Neuron 2 maps on to recovered neuron 4
ERROR LAYER EXTRACTED INCORRECTLY
Original Neuron 3 maps on to recovered neuron 2
ERROR LAYER EXTRACTED INCORRECTLY
Original Neuron 4 maps on to recovered neuron 1
ERROR LAYER EXTRACTED INCORRECTLY
Original Neuron 5 maps on to recovered neuron 3
ERROR LAYER EXTRACTED INCORRECTLY
Original Neuron 6 maps on to recovered neuron 0
ERROR LAYER EXTRACTED INCORRECTLY
Original Neuron 7 maps on to recovered neuron 5
ERROR LAYER EXTRACTED INCORRECTLY
