
Check the solution of the last weight matrix.
Neuron 0 maps on to neuron 9 with error 4.328281864399473e-06 ratio -1.8984523927734336
Bias check [0.01307823]
Neuron 1 maps on to neuron 1 with error 1.663107700829324e-05 ratio 2.2047143443390382
Bias check [0.0013044]
Neuron 2 maps on to neuron 11 with error 1.3671536746785491e-05 ratio -1.819344155501908
Bias check [-0.01578237]
Neuron 3 maps on to neuron 7 with error 1.6956674462439134e-05 ratio -2.964001190070194
Bias check [0.00343904]
Neuron 4 maps on to neuron 10 with error 1.4282886537645583e-05 ratio 1.850529849418929
Bias check [0.00111251]
Neuron 5 maps on to neuron 5 with error 1.880231249356492e-05 ratio 2.2665455355036612
Bias check [-0.00876098]
Neuron 6 maps on to neuron 14 with error 1.3693261046293817e-06 ratio -1.9536874711853671
Bias check [0.000344]
Neuron 7 maps on to neuron 6 with error 4.5225353005979104e-06 ratio -3.028839772040654
Bias check [-0.00290208]
Neuron 8 maps on to neuron 15 with error 0.6046918661837669 ratio 0.0002581966396099048
Bias check [-0.50657106]
ERROR LAYER EXTRACTED INCORRECTLY
	GAPS: 0.7174 0.9956 1.0005 0.9936 1.0025 0.9992 0.9824 0.9652 0.9713 0.9962 1.0015 0.9992 0.9892 1.0027 0.9947 0.3657
	  Got: 1.0000 3.0380 -1.0261 1.3659 -0.0129 0.5000 -2.0276 0.8249 -3.1949 -0.8694 -3.7219 -0.9254 -8.2828 -9.9415 -6.6212 -5.8019 3.5205 1.5810 -1.7459 -3.6767 1.8772 0.4082 -0.9905 -1.1046 -1.7712 -0.5658 3.1055 -1.1019 -3.5572 -0.9999 0.9787 0.7339 0.4967 -2.5599 -15.0941 -19.8879 -16.0605 0.3743 0.3715 -15.0823 -28.3340 0.2592 -45.6900 -17.5430 -11.0604 -4.2872 14.4707 12.6119 -24.9949 9.4296 0.5373 0.2491 -0.6185 -0.0982 -0.1834 -0.5626 -0.3121 2.4737 -11.7240 7.2618 -37.9019 6.3956 -50.1235 -36.2175 -1.3848 -16.6437 4.4460 18.9123 18.9802 58.1383 2.7009 22.2730 51.0583 27.4004 39.5521 -28.8689 -3.8288 -9.8979 1.1201 -9.2805 -24.2041 -1.9569 1.4130 3.1295 -2.4554 -1.8170 35.5039 39.7776 -24.6124 -31.5217 58.4495 21.9415 -8.7278 -5.8172 -0.4636 18.7290 18.4489 57.0487 18.6565 10.9392 16.0627 8.7545 15.5406 28.2260 3.1674 0.7186 17.8978 7.2849 0.8592 29.5825 27.9081 2.7485 2.7914 3.6808 16.0976 10.8450 3.1014 -31.8961 33.2223 56.1684 -6.7495 -7.1659 20.7022 16.0966 -23.6637 57.6449 30.4952 -4.9378 -10.0797 -5.9774 1.4766 2.9374 11.9084 10.4060 3.7753 1.8352 -0.9227 -5.6750 -38.3426 -34.4099 4.6137 -1.5745 -10.9343 17.7171 25.6325 -34.4655 -34.9901 19.2446 17.7734 -13.9035 1.2237 16.7769 38.0383 27.4743 7.1339 -2.6180 -6.4894 4.3969 12.7675 -5.9018 -2.5318 12.9008 0.5200 10.1268 25.9894 9.8417 -33.4949 -26.0802 -2.8332 28.3362 17.1209 -41.3100 28.4629 -15.7440 0.7033 3.8211 -12.8355 -13.5612 6.4281 29.1950 51.9273 8.8869 16.6553 13.7155 11.9635 6.3122 -1.9132 -2.6660 -20.9797 -15.9986 6.0369 13.2430 22.0467 -14.8064 10.9494 5.9084 -2.9165 6.9899 1.0112 -56.8621 27.2639 10.6109 33.1339 2.1677 -4.7723 3.1651 24.1531 36.4760 5.8998 3.6270 8.2655 12.9331 0.7562 -0.4472 14.2736 12.2214 -15.1236 -7.1865 5.7213 18.5584 -4.8716 -6.6494 57.4794 16.7843 3.8060 5.0764 -2.8246 -16.3197 49.7291 0.2618 1.0965 3.9359 -25.6767 1.4465 -5.7282 -5.5867 -17.2823 0.3024 2.9973 -8.8968 -0.9608 9.1568 -12.4487 0.5020 -16.8176 -11.1972 4.0451 22.9508 -5.9265 12.1464 58.4416 -2.9172 -0.1625 -13.1524 -7.6436 -4.2946 1.6658 3.4577 3.0245 5.8907 8.5316 1.9792 4.9440 -10.9365 22.7430 -20.2333 -9.2387 -6.2275 11.5072 1.1512 2.5799 -3.2253 8.0175 2.7636 3.8285 1.5433 11.3116 37.5410 28.6804 9.3948 -1.1728 -6.7489 -24.2023 6.7224 -24.3962 24.6913 23.5127 1.5060 22.7887 71.9610 55.5426 18.5008 -4.9730 -28.0420 -17.9441 -6.5304 12.3895 14.4666 28.6400 22.2011 13.7687 -3.7646 -25.8976 -15.4338 -23.9782 2.7080 29.8945 -5.4399 -18.0951 -26.9134 -19.1762 -15.0657 -11.3764 12.9023 23.7256 5.8535 44.6770 25.9903 10.4662 -11.4079 -46.0226 -23.3518 -24.9823 -14.7262 0.4283 28.3690 60.7595 33.4680 42.6820 49.5314 35.7937 14.6910 -13.3725 56.3480 13.5636 -10.5464 -17.9570 26.1288 16.6137 5.5501 2.6607 20.1614 20.9669 15.5342 17.4711 -59.5182 -74.0761 -35.2254 -12.1186 -0.4028 5.0622 0.4243 14.8460 15.8437 -6.7939 13.2256 -3.2851 27.8631 36.8697 25.6771 23.9594 41.1594 7.2946 -1.6295 -3.1148 27.4668 6.1380 -8.5946 -35.9365 -23.1884 -40.9346 -67.0841 -41.2139 -46.2855 7.0482 17.3812 -9.7603 6.0561 3.8755 -9.2238 4.9212 -15.2699 -17.3278 -14.4685 -2.6825 30.5860 21.2107 25.2851 -1.8423 31.7653 17.3404 -22.5091 -5.6584 -32.5584 -8.0975 -22.2527 -30.6121 -21.5214 -45.5250 -4.8722 3.0305 13.7851 3.9461 -4.9268 0.4410 21.1014 3.6171 7.8213 -6.1527 -1.7297 -3.1200 1.5212 4.2889 4.8141 -20.9316 0.5000 2.0133 -2.1073 -40.5664 -22.6075 -4.1170 -1.0389 -1.8168 0.2355 28.3713 18.1408 -20.3930 13.1159 5.1128 -2.4287 1.8517 16.1021 -10.6648 11.9716 13.8836 5.8627 -10.7508 3.4295 5.8137 -5.3442 -18.1925 -8.4252 -31.1211 3.4643 19.7383 7.3279 48.8206 -14.7698 11.1581 1.6950 23.1541 0.6802 1.9747 15.1421 -14.1532 34.3495 -13.3059 -8.1300 -19.6019 8.6790 -9.4085 2.8846 -15.8467 -3.9965 -10.4367 3.0832 -1.1832 15.6451 -0.8209 16.3257 7.7253 14.2883 25.5526 6.2115 53.0194 -2.0541 1.6207 -9.4528 3.9474 -2.9887 21.9245 5.2249 1.3342 9.2072 5.8024 16.1510 -6.6165 -2.5840 3.4311 7.5950 -1.4419 -10.1187 -10.9542 10.4353 -16.7317 -2.3431 24.5258 25.7739 12.9866 -23.0707 -9.6446 32.0731 -21.3844 3.5908 -30.2585 13.5624 16.9761 21.2632 -3.5000 11.3103 22.2577 15.7497 -6.7562 3.9641 -15.5374 -2.9975 -7.0357 11.8282 -7.1455 -15.3872 -10.4178 -11.3964 4.2923 -0.2419 -1.4541 33.6777 11.8913 5.0141 19.9050 56.7468 -13.7623 7.7851 -9.3564 17.9992 14.1333 74.3127 -23.2344 4.0031 -4.0431 9.9096 -2.1415 4.3895 -23.5776 -7.2505 -13.0151 17.8581 -9.4310 -24.2068 1.2543 -4.5593 -9.9913 16.3778 34.7475 31.3214 5.2788 14.0242 -8.5463 9.4078 36.6721 -1.6994 0.6259 20.4746 22.3035 47.1420 32.3554 7.1210 15.9445 -2.1264 11.7050 15.9236 -15.5233 -10.5854 2.0999 -6.8217 18.7160 -10.5593 21.4045 2.0948 -0.5028 -15.9713 40.7796 1.5849 2.5128 31.9872 3.9138 -13.0382 33.8140 5.3023 1.4961 -12.8819 52.0549 67.8217 -26.6895 23.9017 2.0167 -8.3905 -1.5082 4.4782 10.4271 8.7216 -14.7393 -14.6544 -7.5380 5.8214 -18.7365 -14.2525 11.6138 23.0207 5.2434 17.5582 24.0764 28.4696 12.1586 44.6833 24.0379 -1.6951 1.6539 -14.5751 13.1818 34.3128 16.5052 13.3427 4.9319 -0.0699 3.8330 5.0112 -5.0881 7.3258 -9.1885 -20.5830 7.2766 0.7324 -7.9233 14.5579 11.3088 14.6687 28.6441 18.7375 19.7832 2.2584 24.3492 12.8822 17.8513 0.0640 -1.7811 -2.4726 23.0274 15.2870 15.5112 -0.7272 -10.5932 4.5562 23.2313 -11.2201 9.5722 13.7757 7.6893 16.3236 11.4412 6.3224 3.0626 8.7227 -25.2361 -14.2087 24.1646 45.5633 18.6637 5.2080 8.3746 -4.7265 -2.8465 2.6911 -1.1734 1.1670 -21.6263 18.6961 0.5220 -20.5795 -5.3801 -5.3587 31.7561 24.8167 14.2822 80.9182 23.2010 1.2601 1.8400 7.1731 12.2087 1.0841 -19.8217 7.0877 15.3492 19.3322 3.5850 14.8709 32.2962 23.8132 -3.8153 -0.7456 1.1510 2.8880 3.7249 -13.4583 6.1952 36.3713 28.9979 -3.2316 12.1823 41.4011 32.9534 44.9295 14.5684 -7.6118 -17.2511 -21.0182 5.9908 4.6969 -16.0445 1.2040 13.8107 12.9249 4.1981 -29.2877 4.9107 -9.7572 -6.2806 -2.7971 -0.4446 -3.7444 0.5950 -14.1073 12.1177 12.0066 -4.5063 -38.9038 -36.8478 -65.5553 -12.9779 -0.5437 15.2886 27.0655 -36.9614 -54.1803 10.4203 15.0308 11.8062 44.3737 -18.6862 -18.5424 -0.7004 -1.8520 -10.9160 4.1122 -0.8144 -1.1011 -1.4099 2.7125 0.9222 1.2681 3.2378 -3.0734 -12.7615 -7.6470 -1.2840 -0.8879 -9.5186 -21.8220 -22.5067 -5.7701 7.0030 0.3575 -19.9568 -9.3741 13.0267 16.8361 3.0374 -0.8103 -3.6309 5.9458 3.2785 2.1617 -0.0298 0.2472
	 Real: 1.0000 2.0334 0.1894 -0.0124 0.6167 0.3220 -0.1966 1.9099 -2.0172 -1.3842 -1.6329 -1.7973 -1.7143 -0.8183 1.2296 -1.3792 2.7129 1.0546 -1.5513 -2.1371 2.2209 -0.1482 0.3229 -1.3242 -2.4990 -0.4758 2.6099 0.8445 -2.4668 0.1447 0.5512 -0.2651 1.1298 -0.8038 -3.4882 -3.3040 0.3962 15.2960 14.3605 6.0963 1.1354 -2.1046 -31.6877 -11.9240 -7.3140 3.9041 14.0712 12.7850 -15.7013 9.7307 0.1611 -0.2616 0.1659 -0.6391 -0.1412 0.1725 0.7581 1.5796 -2.6583 0.6929 -37.3393 -1.7958 -21.2105 -6.2946 -3.1908 -7.5802 17.6542 3.1054 19.4281 42.2663 7.8274 31.3268 40.7373 32.2837 57.4533 12.5681 5.1181 -0.8766 12.0487 -8.3870 -17.0291 5.5835 2.2792 1.1455 -2.6539 -0.6317 18.1952 14.7538 -1.0267 -36.9898 50.0929 17.8114 -6.3570 -16.1531 -5.7666 4.1217 6.2348 41.4712 8.5313 1.8536 4.8641 4.2998 14.5719 30.6859 8.8978 23.2169 23.6864 22.2343 20.6437 26.2988 19.7506 1.8707 1.3695 -1.7965 17.3161 18.4891 6.9658 -29.6744 15.1761 46.4528 -17.2704 -16.8402 12.0565 9.5497 -18.1711 47.7080 24.4396 -2.6425 -12.9384 -0.7878 2.0356 -0.3392 2.5842 9.3213 3.8267 5.9766 10.0143 4.5025 -13.3859 0.7088 2.1129 -1.3058 -0.9440 18.5547 12.0942 -33.2275 -37.7920 10.4544 12.2528 -0.4425 0.0361 15.3923 33.2012 28.1322 7.3455 -1.8945 -3.4944 5.5173 9.2673 -2.5597 -4.1207 7.0984 5.7174 7.7964 13.3819 12.1566 -9.5164 0.6278 -1.2529 2.0711 10.8109 -26.2544 12.5134 -2.0426 2.2840 14.5704 -9.3385 -16.6224 2.0989 34.6405 41.5561 3.9812 9.9689 17.9737 10.8158 9.4067 -2.6758 -0.2843 -15.8972 -4.0967 11.6757 12.2812 24.0155 15.5131 -2.2532 2.3748 0.1216 -0.6722 6.1212 -25.5598 30.4555 5.4451 31.4156 0.0099 -4.9833 -1.4290 19.7815 29.5528 3.6558 2.9158 0.6188 14.7696 -0.8832 0.3539 13.3981 9.1097 -14.0397 -9.6451 9.9642 19.1678 14.2368 23.2219 43.1749 2.4034 2.3520 1.2241 7.3077 -13.5186 38.1957 -2.2614 9.6666 5.2651 -16.6396 7.0318 0.8798 -3.8740 -8.6817 -1.1376 4.6616 -2.6483 -1.7635 6.3026 -7.0842 -1.8294 -13.3458 -6.9656 6.3850 18.4097 18.7566 35.0185 49.7239 1.3458 2.3829 0.1082 1.0966 -3.0046 5.6396 -2.9568 7.7119 5.7812 7.5931 3.5158 1.9820 -12.0328 11.9500 -4.9026 -1.7579 -7.5734 4.3172 -1.8410 -2.2179 2.5597 11.4312 10.5818 2.7829 2.7345 20.9236 55.0320 20.0512 12.9174 1.4153 1.8849 -4.3273 -3.7269 -15.8463 27.8150 17.1484 -1.2965 13.5982 65.7624 45.6859 12.6345 0.0549 -1.5002 -4.3608 -3.3973 5.8766 8.9375 24.4942 16.1980 12.1399 -2.3948 -9.7994 0.0593 -10.6491 -9.2008 10.6856 0.6227 1.1682 -16.0222 -0.4216 -4.7995 -8.9617 9.9001 18.7234 8.9058 37.8247 22.8781 6.5663 10.6091 2.0088 -6.1214 -5.6416 -9.8251 5.3575 27.1121 52.5853 19.6989 35.4738 39.0267 33.8955 12.4648 4.4798 51.3972 9.8677 -1.6253 -0.0845 27.3728 -0.8593 -0.9213 -3.1745 8.7452 19.2058 26.1914 21.5920 -21.0728 -8.9401 15.1887 -0.8941 -0.0624 2.4228 -0.0964 11.5191 12.4300 -0.2388 10.9389 0.0829 19.8984 32.0737 8.6008 8.2486 27.0311 8.7251 2.0537 -0.7757 24.6408 -1.6136 -0.5603 -1.4943 7.5505 -6.4001 -18.1360 9.6974 -17.2962 5.1942 8.9196 -12.4734 0.5600 2.8740 3.2104 5.6251 -8.6148 -16.4379 -14.7962 2.9961 19.5848 18.8482 22.4508 2.0504 22.4134 12.6437 -0.2677 1.1863 1.8281 -0.8160 14.6518 16.1366 22.2222 -20.2139 1.0215 -4.6525 8.3650 1.9734 0.5016 -3.4138 11.4731 3.5305 5.2251 -5.4475 -2.5151 -4.2843 2.0473 -0.9154 2.6080 -6.5075 10.9040 -4.1103 -9.8368 -7.6695 -1.6245 2.5130 0.3706 -0.1812 4.9014 41.3748 16.7316 -26.7036 18.4536 -2.8827 -2.1628 -4.3241 12.7926 -10.7602 10.1958 7.7408 4.6203 -10.5180 7.4766 7.7901 -0.6556 -16.5634 1.3201 -21.8461 1.1612 14.8030 -4.7508 4.9741 -0.7467 1.9461 -1.3867 -1.6214 -12.1836 4.2418 3.9973 -16.5609 32.6746 -7.4783 -6.8272 -14.6423 10.0819 -10.8922 -3.2513 -13.9115 -7.1178 -7.8989 -0.2482 -1.0744 21.0964 -3.9032 12.2061 1.6154 14.5998 17.3096 -8.6140 -5.5493 -11.3734 1.2777 0.6782 -1.3366 -20.4419 -0.9927 -1.9859 -4.3026 6.0361 4.0515 13.4255 -7.3080 -4.3927 0.9097 3.1053 1.4648 -7.7604 -9.7459 9.0215 -11.7706 -6.1645 27.4946 33.4152 14.1694 -12.7365 -16.2839 17.9710 -9.9449 -18.0078 2.2552 -1.3612 7.6192 2.7630 -13.2453 4.1559 15.1064 17.4272 -4.2238 2.2978 -15.9123 -7.6007 -6.2792 4.9479 -3.5825 -16.5466 -12.0466 -5.8720 1.1226 -9.4760 4.0839 16.8280 7.7174 -0.1610 0.9393 24.1389 -12.1213 2.7951 0.1565 22.0125 27.9489 49.3788 -19.6346 -7.5695 -0.4016 -0.9268 -1.0797 2.7742 -17.6819 -10.3637 -14.5828 3.0721 -5.0884 -19.1662 -3.2921 -5.6746 -8.6590 5.9323 31.6007 19.5867 3.7960 2.5500 -3.8668 -12.4462 20.8888 1.2826 -0.2627 18.5802 23.5071 31.7881 14.7981 6.8326 7.4885 -7.0739 10.4900 2.6097 -12.2408 -16.5928 5.7071 -4.6462 10.6449 -9.2064 10.4980 -1.7405 -1.3328 -18.2738 32.8641 5.8660 5.0578 8.0417 -5.5575 -20.5892 9.3114 1.5490 -1.2637 -1.9442 33.9072 22.2393 -18.6834 7.8536 2.9147 -12.3175 -4.6142 2.4119 6.5625 8.3982 -9.7789 -12.7666 -2.8104 -0.4892 -13.8720 -14.0834 3.0887 16.1375 5.7546 16.6709 19.3904 11.4557 3.1948 0.9408 0.2383 -1.8382 -2.0248 -2.0795 -1.7562 19.4709 11.7513 1.4504 4.7926 -1.7053 -2.0341 0.6968 -0.9179 8.5012 -4.4401 -14.6150 2.4694 0.3035 -3.6500 7.6528 4.5992 9.5337 24.0588 12.1838 10.5927 8.0154 3.4240 -1.7620 -2.2834 1.7326 -0.2867 -1.4910 -0.7542 -1.0151 9.5697 -13.1581 -10.9439 4.2156 14.4374 -9.8029 8.7394 13.6559 7.8148 14.4697 12.8316 7.3564 -0.1647 6.8261 -36.6418 -24.9514 22.3549 30.5345 11.2382 0.4988 2.3939 2.0601 0.3016 2.0245 -2.4116 0.1808 -2.4376 2.7817 -9.3571 -17.5863 -5.0571 -6.1213 20.1779 20.9857 13.4501 72.1239 26.3601 6.8450 0.8094 9.7038 11.1312 -3.1729 -23.3914 1.5752 24.2386 8.2290 -16.1746 2.3924 2.1956 -0.0108 0.0998 -1.1227 1.3097 1.6796 1.2889 6.6564 26.6563 31.0876 20.7667 -2.0404 1.2638 28.8821 31.2724 43.7596 7.9694 -7.3862 -17.8944 -19.5293 -0.8948 2.8676 -8.5574 1.0919 10.3161 1.5858 -1.7422 1.0842 2.3628 -1.7251 -1.3329 -1.2015 -0.2460 -1.9798 2.2950 0.4356 8.1475 3.3443 7.2006 -2.6620 -10.6867 -8.1192 -8.8816 10.3788 19.2479 27.6970 -27.6384 -28.3881 9.2688 27.6979 37.3874 44.6824 0.4264 2.2847 0.0044 -2.3332 -0.1463 1.2175 0.7161 -1.4853 -1.2482 1.9035 0.7771 0.3982 -0.2328 2.3466 -7.0586 -4.9480 -7.6159 -3.5047 -0.7116 0.7418 -1.9747 11.1010 24.4479 9.0093 6.6718 1.6953 1.3075 2.4185 -1.5313 -1.1228 -2.2445 1.0570 2.3978 1.2842 0.5678 0.0918
Neuron 9 maps on to neuron 13 with error 1.3143182148796959e-06 ratio -2.650129618437815
Bias check [0.00244267]
Neuron 10 maps on to neuron 8 with error 1.1175897976448442e-05 ratio 2.028158246270751
Bias check [0.00989554]
Neuron 11 maps on to neuron 0 with error 1.174512267817766e-06 ratio -3.315562801036311
Bias check [0.00130508]
Neuron 12 maps on to neuron 12 with error 3.171394472209066e-05 ratio -0.06298152650572873
Bias check [-0.00129445]
Neuron 13 maps on to neuron 2 with error 1.2140826219618447e-05 ratio 1.0967420167959518
Bias check [0.02531838]
Neuron 14 maps on to neuron 4 with error 2.1670728680529372e-05 ratio 1.6588984091694674
Bias check [-0.00574975]
Neuron 15 maps on to neuron 15 with error 7.131507129291632e-06 ratio -0.7782045219630129
Bias check [0.00042554]
Real:  [array([[-0.01779517,  0.03426553, -0.04158262, ...,  0.00832651,
         0.05106811, -0.03184203],
       [ 0.08126354,  0.01082136, -0.02441452, ...,  0.08088638,
         0.06797282, -0.06474727],
       [-0.07544782, -0.04578745, -0.02212933, ..., -0.02947148,
         0.05603979, -0.00603063],
       ...,
       [ 0.03394139,  0.02753608,  0.06529908, ...,  0.02313428,
        -0.05128069, -0.04088998],
       [-0.03790616, -0.03095081,  0.01491557, ..., -0.05376559,
         0.00037701, -0.01808104],
       [ 0.00694463,  0.0607007 ,  0.01881662, ...,  0.0307461 ,
        -0.01437613, -0.00292456]]), array([ 0.01746199,  1.1601414 ,  0.22484151,  0.25823456,  1.30971984,
        1.15922505,  0.3116958 ,  0.27451355,  1.04130445, -0.23573735,
        0.46012578,  0.68072474, -0.01968746, -0.37341418,  0.26420092,
       -0.03069275])]
Corrected:  [[ 0.01779406  0.03426645 -0.04158263 ... -0.00832726 -0.05106766
   0.03184154]
 [-0.08126365  0.01080945 -0.02441418 ... -0.08088746 -0.0679737
   0.06474688]
 [ 0.0754489  -0.04578861 -0.02215558 ...  0.02947165 -0.0560399
   0.0060311 ]
 ...
 [-0.03394124  0.02754549  0.0652939  ... -0.023134    0.05128065
   0.04088673]
 [ 0.03790642 -0.030947    0.01491774 ...  0.05376627 -0.00037712
   0.01808384]
 [-0.00694438  0.06069809  0.01881359 ... -0.03074692  0.01437593
   0.0029236 ]] [[-0.01615691]
 [ 1.158837  ]
 [ 0.19952313]
 [ 0.47587831]
 [ 1.31546959]
 [ 1.16798602]
 [-0.31459788]
 [-0.27107451]
 [ 1.03140891]
 [ 0.24881558]
 [ 0.45901327]
 [-0.69650711]
 [ 0.01839302]
 [ 0.37585685]
 [-0.26385692]
 [ 0.03111829]]
Original Neuron 0 maps on to recovered neuron 11
ERROR LAYER EXTRACTED INCORRECTLY
Original Neuron 1 maps on to recovered neuron 1
ERROR LAYER EXTRACTED INCORRECTLY
Original Neuron 2 maps on to recovered neuron 13
ERROR LAYER EXTRACTED INCORRECTLY
Original Neuron 3 maps on to recovered neuron 8
ERROR LAYER EXTRACTED INCORRECTLY
Original Neuron 4 maps on to recovered neuron 14
ERROR LAYER EXTRACTED INCORRECTLY
Original Neuron 5 maps on to recovered neuron 5
ERROR LAYER EXTRACTED INCORRECTLY
Original Neuron 6 maps on to recovered neuron 7
ERROR LAYER EXTRACTED INCORRECTLY
Original Neuron 7 maps on to recovered neuron 3
ERROR LAYER EXTRACTED INCORRECTLY
Original Neuron 8 maps on to recovered neuron 10
ERROR LAYER EXTRACTED INCORRECTLY
Original Neuron 9 maps on to recovered neuron 0
ERROR LAYER EXTRACTED INCORRECTLY
Original Neuron 10 maps on to recovered neuron 4
ERROR LAYER EXTRACTED INCORRECTLY
Original Neuron 11 maps on to recovered neuron 2
ERROR LAYER EXTRACTED INCORRECTLY
Original Neuron 12 maps on to recovered neuron 12
ERROR LAYER EXTRACTED INCORRECTLY
Original Neuron 13 maps on to recovered neuron 9
ERROR LAYER EXTRACTED INCORRECTLY
Original Neuron 14 maps on to recovered neuron 6
absolute values of weights are close enough
Original Neuron 15 maps on to recovered neuron 15
ERROR LAYER EXTRACTED INCORRECTLY
