
Check the solution of the last weight matrix.
Neuron 0 maps on to neuron 3 with error 9.762300923167354e-07 ratio 0.1815582435973736
Bias check [-0.00017999]
Neuron 1 maps on to neuron 0 with error 5.877707946641959e-07 ratio -0.2459033613188516
Bias check [-5.43863943e-05]
Neuron 2 maps on to neuron 7 with error 2.088498691894484e-06 ratio -0.22591279838933648
Bias check [0.00044744]
Neuron 3 maps on to neuron 5 with error 5.668821099151295e-07 ratio 0.25248083162153223
Bias check [-8.791267e-05]
Neuron 4 maps on to neuron 6 with error 6.573106255846329e-07 ratio -0.27315289594581615
Bias check [-1.16789552e-05]
Neuron 5 maps on to neuron 1 with error 7.773981485407092e-07 ratio -0.20172411345227093
Bias check [1.49237249e-05]
Neuron 6 maps on to neuron 2 with error 5.684369217455479e-07 ratio -0.16638795954103786
Bias check [5.29898194e-05]
Neuron 7 maps on to neuron 8 with error 6.400876389906632e-07 ratio 0.20376259046393597
Bias check [-3.08276811e-05]
Neuron 8 maps on to neuron 4 with error 1.1117005861928163e-06 ratio -0.24174098687046797
Bias check [0.0001175]
Neuron 9 maps on to neuron 9 with error 1.791560534316108e-06 ratio 0.23589379506483205
Bias check [-0.00033917]
Real:  [array([[-2.35231719e-02,  1.33633317e-01, -7.03469938e-02,
        -1.26113321e-01, -2.24959231e-02, -1.70883872e-01,
        -1.00834350e-01, -8.73293577e-02, -1.92584843e-01,
         2.20963406e-01],
       [-1.09388781e-01,  9.29401451e-02, -1.97552662e-01,
        -1.46421905e-01, -2.23842320e-01, -1.10134180e-01,
        -8.14335562e-02,  5.95932683e-02,  2.03762643e-01,
        -1.93538883e-01],
       [-4.99208108e-02, -2.05202564e-01, -2.49676294e-01,
        -1.77587553e-01, -1.18039188e-01, -2.43608899e-03,
         1.85766016e-01, -1.07116978e-01,  2.13418675e-01,
        -1.52251730e-01],
       [-1.89172908e-01,  6.31807966e-02,  2.69783806e-01,
         2.48499926e-02,  2.09018979e-01, -1.99657016e-01,
         7.88219804e-02,  1.74748153e-01, -2.18058418e-01,
         6.39679291e-02],
       [-2.64727223e-02, -2.34114490e-02,  5.39015959e-02,
         2.11761659e-01, -8.83736817e-03, -7.49991097e-02,
        -1.90402872e-01, -1.13660501e-01,  9.34140725e-02,
         5.12492891e-02],
       [ 1.74532210e-01, -1.13595424e-01,  1.42257068e-01,
        -1.35318891e-01,  1.33982384e-01,  1.15427137e-01,
         1.52549897e-01,  2.50253899e-01,  2.46759156e-01,
        -1.98295237e-01],
       [ 9.93375982e-02, -1.37129474e-01,  1.42153540e-01,
        -2.17280332e-01,  2.13693844e-01,  1.97048191e-01,
         7.74572232e-02,  2.06320121e-01,  1.88143540e-01,
         2.52152622e-01],
       [-1.92855530e-01, -4.37853777e-02, -1.70110728e-01,
         1.05609974e-01, -1.06248690e-01,  2.36132701e-02,
         1.58667046e-01,  1.22050434e-01,  1.88708005e-01,
        -4.66453185e-02],
       [-2.45903273e-01, -4.70207494e-02, -2.26410459e-01,
        -1.22248096e-01, -2.03996870e-01,  1.03824592e-01,
         1.89508946e-01, -4.32593931e-02, -6.26539975e-02,
         1.95149472e-01],
       [ 1.16280781e-02,  1.09182255e-01,  6.41133021e-02,
        -2.15258007e-01,  1.70304384e-02,  2.14054427e-01,
        -1.04322126e-01,  1.69445335e-01,  7.73184548e-02,
        -2.65066126e-02],
       [ 1.42671122e-01, -6.95580316e-02,  1.28889425e-01,
         1.94069868e-01, -3.65433981e-02, -6.95274953e-02,
         2.00020738e-01, -2.23446655e-01,  1.22267253e-02,
        -2.22945223e-02],
       [-1.15347265e-01,  1.64991071e-01,  1.93240784e-01,
        -1.14268990e-01,  2.36231808e-01,  1.64809742e-01,
        -9.69154227e-02, -2.25912457e-01,  3.53870588e-02,
        -1.79133887e-01],
       [ 1.77322052e-01,  2.19111447e-01,  1.29571927e-01,
         9.05034578e-02, -5.97635671e-02,  9.08358287e-02,
        -1.56092912e-01, -1.04284031e-01, -5.12928200e-02,
         1.14930303e-01],
       [-6.18357259e-03, -1.48429836e-01,  2.53294965e-02,
         1.82861078e-01, -9.14244251e-02, -1.36226230e-01,
         1.92594100e-01, -1.45028413e-01,  3.76665458e-02,
         1.65931633e-01],
       [-9.65756514e-02,  1.92839279e-01, -9.75444232e-02,
        -1.44054185e-01, -1.96560323e-01,  1.03204904e-01,
         1.28685014e-01,  2.28169666e-01, -6.69511801e-02,
        -1.09038335e-01],
       [-1.64733560e-01, -2.52284518e-02,  2.54599641e-01,
        -2.70465019e-03,  3.27785372e-02,  1.69330860e-01,
        -3.20276401e-02,  1.51452672e-02,  1.84538907e-01,
        -8.37749283e-02],
       [-1.54128911e-01, -2.24994551e-01, -1.78974194e-01,
        -1.39196491e-01,  2.69464098e-01,  7.13115342e-02,
         6.35134156e-04,  9.41369265e-02, -9.97375637e-02,
         5.05272782e-02],
       [-1.41921460e-01, -1.36093361e-01, -8.11512944e-03,
        -1.47003520e-01, -3.59819207e-02,  1.03123164e-01,
         1.26905052e-01, -1.39309798e-01, -1.39127872e-01,
         9.02780502e-02],
       [-1.54410065e-01, -1.33936407e-02, -1.46062118e-01,
        -5.88204295e-02,  2.42999429e-01, -4.88008603e-02,
        -1.76493241e-01, -8.53368475e-02,  9.87998260e-02,
        -1.03879759e-01],
       [-1.20940861e-02, -2.21091973e-01,  2.46013663e-01,
         2.26947407e-01,  2.02365984e-01,  1.76091915e-01,
         1.27971566e-01, -2.23977334e-01,  4.15894168e-03,
         2.35893702e-01],
       [-3.93008502e-02, -2.83198077e-02,  1.67952269e-01,
         9.15011113e-03,  9.76609582e-02, -8.27297858e-02,
         2.71806210e-01,  1.60989994e-01, -2.58183542e-01,
        -1.34049664e-01],
       [-2.41809600e-01, -1.49097284e-01, -2.00763060e-01,
         1.56589952e-01, -2.24687177e-02,  2.31342873e-02,
        -1.90501192e-02, -5.94157414e-02, -4.78460990e-02,
        -6.94189331e-02],
       [ 5.49700792e-02,  1.66196416e-01,  1.51630871e-01,
         2.14862381e-01,  5.36714848e-02, -2.24240373e-01,
        -6.40226183e-02, -2.46330168e-02,  1.68333416e-01,
         1.01209276e-01],
       [ 1.75217594e-01,  2.02869424e-01,  2.48129304e-02,
         4.99178259e-02,  1.93596100e-01,  1.66441476e-01,
         1.53595341e-01,  1.59583366e-02, -1.43290061e-01,
        -2.29831362e-02],
       [-5.90753317e-02, -6.65804148e-02, -2.12668566e-01,
         1.57970512e-01,  7.56887012e-02, -4.13178080e-02,
         2.20171922e-01,  4.16042459e-02, -1.01936608e-02,
        -2.32996314e-01],
       [ 1.75132690e-01, -1.88009681e-01, -6.20334140e-02,
         7.45767754e-02,  1.08875476e-01,  1.49641884e-01,
        -1.05722502e-01,  2.29017128e-02, -5.19923904e-02,
         8.08346390e-02],
       [ 4.86123391e-02, -2.29285277e-01,  1.86655163e-01,
        -6.82933749e-02,  2.28346307e-01,  9.78175408e-02,
        -1.67501943e-01,  9.04388390e-02,  3.60742205e-02,
         9.44253530e-02],
       [ 2.05075606e-01,  3.85537228e-02,  2.32042317e-01,
        -1.53471355e-01,  1.08295228e-02, -6.27088334e-02,
         1.48191155e-01, -1.81072083e-01, -2.50282047e-01,
         2.24221571e-01],
       [ 9.20674250e-02,  8.51675753e-02,  2.67230229e-01,
         1.40655766e-01,  8.40620476e-02, -1.03755678e-01,
        -1.72404111e-01, -1.81584871e-02, -8.03917255e-02,
        -1.91722567e-01],
       [ 3.16654733e-03,  1.41905772e-01, -2.24647989e-01,
         5.97391555e-02,  1.86472636e-02, -1.33956626e-01,
        -2.01280343e-01, -1.11164853e-02, -7.51378384e-02,
        -3.60386556e-02],
       [ 1.96943974e-01,  1.19783109e-01,  9.39746860e-02,
         1.67902005e-01,  9.93675162e-02,  1.22425204e-01,
        -6.24680137e-02,  1.64244354e-01,  1.81258112e-01,
         1.56894115e-01],
       [ 1.16536063e-01,  4.07426808e-02, -8.94761285e-02,
         4.16368664e-02,  2.51597382e-02,  1.61320510e-02,
        -2.40382196e-02,  1.21089880e-01,  1.63403065e-01,
         1.48446694e-02],
       [-8.82755331e-02,  5.14407489e-02, -2.06656575e-01,
        -5.12770710e-02,  1.12932948e-01,  1.45786090e-01,
        -1.95129637e-01,  2.05540551e-01, -3.62543922e-02,
        -1.66583482e-01],
       [ 7.07579574e-02,  1.23126023e-01,  1.20573002e-01,
        -2.60888212e-01, -1.08847322e-02, -1.07426221e-01,
         1.32397630e-02,  2.08699824e-01,  2.60271782e-03,
        -2.54657451e-01],
       [-6.25109882e-02, -1.07116428e-01,  9.85807794e-02,
         1.24056657e-01,  1.29027656e-01,  2.52558283e-01,
         1.68666089e-01,  1.15270812e-01,  9.97999112e-02,
         2.97914790e-02],
       [-1.27674407e-01,  1.46797725e-01,  8.51677640e-02,
         1.22654422e-01,  1.45155064e-01,  1.83882479e-01,
         3.01468818e-02, -9.78135138e-02,  1.75606356e-01,
         1.14629641e-01],
       [-1.33724657e-01, -2.21483176e-01, -1.19843136e-01,
        -7.19416938e-02,  6.89989620e-03, -1.45413351e-01,
        -2.53212233e-02,  5.82741277e-03, -7.96980863e-02,
        -7.77818131e-02],
       [ 4.38892183e-02,  1.67109136e-01,  1.06976846e-01,
         2.51661442e-01, -6.26477201e-02,  2.54443119e-02,
         1.18905008e-01,  5.95616511e-02, -8.45950184e-02,
         6.18490398e-02],
       [-2.28120645e-01,  1.30202655e-01,  2.32394303e-02,
         1.49173222e-01,  6.66194851e-02, -3.00422131e-02,
         7.20381281e-02, -2.96728912e-02,  1.09671154e-01,
        -1.55954010e-01],
       [ 1.62216937e-01, -2.30465806e-01, -1.86825398e-01,
        -1.22354755e-01,  2.25081269e-01,  1.54721143e-01,
         4.79620937e-02,  4.74878428e-02, -4.57457772e-03,
        -1.80525066e-01],
       [-9.15208023e-02, -2.00622563e-01, -1.10624140e-01,
        -3.89472593e-02,  1.22505480e-01, -5.59026049e-02,
        -1.65875663e-01, -1.25890737e-02,  1.66745319e-01,
        -1.75553290e-01],
       [ 1.51681202e-01,  8.25225915e-02, -1.67539312e-01,
        -1.20603500e-02,  3.33052933e-02, -8.91957689e-02,
         1.47434949e-01,  1.82071628e-01, -9.58515901e-02,
         6.91142311e-02],
       [-1.40271747e-01,  5.53563144e-02, -2.17433321e-01,
        -9.79653433e-02, -6.48923563e-02,  4.20939653e-02,
        -1.89493690e-01, -4.17585496e-02,  1.07323207e-01,
         1.40125014e-01],
       [ 8.51371744e-02, -1.33831110e-01,  2.28384924e-01,
         1.77598317e-01, -2.28609780e-01,  1.36383134e-01,
        -9.88355049e-02, -1.08546162e-02, -9.06493331e-03,
         1.84921932e-01],
       [-3.30278816e-02,  1.76013291e-01,  1.16394320e-01,
        -6.32010473e-02, -2.41740844e-01,  1.22388454e-01,
         4.86079291e-02,  1.52681160e-01,  2.29042487e-01,
        -1.11570412e-02],
       [ 5.09653621e-02,  7.19000915e-02,  4.43387320e-02,
         1.32132343e-01,  2.43730060e-01, -2.45222068e-01,
         8.58204546e-02,  2.09271748e-01,  1.07013106e-01,
         1.37753846e-01],
       [-1.38908468e-01, -5.17114411e-02,  2.62384040e-01,
         2.12509277e-01,  6.76907308e-02,  1.04885705e-01,
         3.00248742e-03, -5.88172382e-02, -4.35929362e-02,
         1.86713434e-01],
       [ 1.69592792e-01, -1.95197646e-01,  4.48422009e-02,
         2.59744480e-01, -2.90317468e-01,  4.66876117e-02,
         1.29148810e-01,  8.31276259e-02,  1.63979107e-01,
        -1.47339875e-01],
       [-4.41360027e-02,  9.73064491e-02, -1.88572308e-01,
        -1.98621610e-01,  2.61221494e-01, -7.17969996e-02,
         1.22976099e-01, -1.06396539e-01,  1.80434202e-01,
        -1.60260057e-01],
       [ 1.45546072e-01, -1.86847674e-01,  7.77045075e-02,
        -1.45996446e-01,  2.28907431e-01, -1.16801858e-03,
        -1.92947032e-01, -1.49722607e-01, -1.63670462e-01,
         7.22170304e-02],
       [ 1.32132325e-01,  1.64443826e-01,  8.55232292e-02,
         2.47108492e-01, -1.39132269e-01,  7.22463301e-02,
        -2.73152885e-01,  2.05529172e-01, -8.72740383e-02,
         1.00336863e-01],
       [ 7.30656618e-02,  1.39760200e-01, -1.66387946e-01,
         4.89428448e-02,  1.48523122e-01,  1.78799973e-01,
        -2.38460167e-01,  4.37280654e-02, -1.34390869e-01,
         9.41059037e-02],
       [-1.62903044e-01,  1.47183089e-01,  2.08050203e-01,
         1.80707153e-02,  5.02557933e-02, -4.54868031e-02,
         1.96119726e-02,  3.01329304e-02, -1.60406847e-01,
        -1.75329261e-02],
       [ 9.48434386e-04, -4.51873814e-03,  3.32000817e-02,
         1.64702592e-01, -1.73861226e-01,  1.97364614e-02,
        -1.54118564e-01,  4.05821346e-02, -1.16507561e-01,
         1.26503330e-02],
       [-1.13089580e-02, -6.11831166e-02, -7.31578879e-02,
         1.80689330e-01,  7.71525325e-02, -2.56740920e-01,
        -9.70252074e-02, -2.78496890e-02, -5.42849320e-03,
         1.74464340e-01],
       [ 1.56349392e-01,  2.06765421e-02, -1.50843031e-01,
         1.67295622e-01, -2.08990068e-01, -2.62314196e-01,
        -2.35301431e-01, -3.30209441e-02,  1.98364888e-01,
         7.97042748e-03],
       [-1.22100613e-01,  1.94017734e-02, -1.62871369e-01,
         1.70177535e-01,  5.81088547e-02, -1.00595500e-01,
         1.25696087e-01,  1.96303554e-01,  1.89159513e-01,
         1.64972039e-01],
       [ 7.50921745e-03,  1.21787516e-01,  1.24250523e-01,
        -5.43854594e-02,  1.14693071e-01, -1.89102263e-01,
         2.42413140e-01,  1.49956919e-01, -1.42397791e-01,
        -4.03639314e-02],
       [-1.93410709e-01,  2.28014279e-01,  9.28404511e-02,
         9.49633556e-02,  4.61873992e-02, -2.62894314e-01,
         2.79313221e-04, -1.48983288e-02,  1.69818792e-01,
        -4.93135258e-02],
       [-2.44054660e-01, -6.92380362e-02, -2.10494530e-02,
         7.37207448e-02, -6.46048835e-02,  8.95456735e-02,
        -3.92751402e-02, -2.06957146e-01, -2.34838849e-02,
         2.50217770e-01],
       [ 6.17269129e-02, -3.09165379e-02,  7.70068955e-02,
        -9.45384254e-02, -4.17024010e-02, -3.32984395e-03,
         1.67352879e-01, -2.06573640e-01,  7.89785965e-02,
         9.50962301e-03],
       [ 2.34379116e-01, -8.00586156e-02,  1.83834049e-01,
         1.81558207e-01,  7.24024292e-02, -1.51985275e-01,
        -8.98678961e-03, -1.21043015e-01, -9.40022883e-03,
        -9.13112023e-04],
       [-2.66910140e-02, -1.28702043e-01,  8.43573996e-02,
        -1.63488176e-01, -7.55729622e-02,  1.39878089e-01,
        -1.77192617e-01,  1.11147038e-02, -5.62171307e-02,
         1.22448371e-01],
       [ 1.08350398e-02,  1.23635277e-01, -1.15465606e-02,
         7.52250058e-02, -2.35273417e-01,  6.33851905e-02,
        -2.73856677e-01,  1.73502373e-01, -1.70177978e-01,
        -1.71135814e-01],
       [-6.29698863e-02, -1.30816734e-01,  1.11944911e-01,
        -4.00946290e-03, -1.11056132e-01, -7.45100300e-02,
         1.80212854e-01, -5.26638199e-02,  3.43925738e-02,
         1.20264834e-01],
       [-7.19569764e-02,  1.38573601e-01,  1.98245887e-01,
        -3.09728590e-02, -3.60102348e-02, -9.92189098e-03,
         5.06112651e-02, -8.96724398e-02, -8.23500615e-02,
        -1.66531435e-01],
       [-1.50907311e-01, -2.01724073e-01,  2.90809230e-02,
        -5.28657026e-02,  1.74893102e-01, -3.43112441e-02,
        -1.61313578e-01, -2.07062191e-01, -1.90824170e-02,
         2.31974606e-01],
       [ 7.57345035e-02,  1.85099213e-01, -1.75370613e-01,
        -2.13267636e-01,  1.47186582e-01, -7.81590535e-02,
         1.69527413e-01,  2.33635631e-01, -1.67498870e-01,
         2.25933096e-01],
       [-2.69814789e-01, -1.69497623e-01,  1.22322158e-01,
         1.21156366e-02, -2.46952693e-01, -2.56766072e-01,
         4.62340549e-04,  9.02990333e-02, -1.16706817e-01,
        -2.78935354e-01],
       [-3.99747305e-02,  4.18757496e-02, -5.33143320e-02,
         5.41345584e-02, -7.48429644e-02, -9.18310778e-02,
         2.91458821e-02,  2.24218522e-01, -1.93718640e-01,
         1.32208862e-01],
       [ 1.57452855e-01, -2.49418327e-01, -1.14588186e-01,
         2.05753537e-01, -1.64826575e-01, -1.79748703e-01,
         1.01946549e-01,  2.34198595e-01,  1.27608093e-01,
         7.38547543e-04],
       [ 1.44319850e-01,  1.10237773e-01,  1.69430501e-01,
         9.23118913e-02,  1.47243295e-01,  2.26622210e-01,
         1.26827067e-01, -1.30717073e-01, -1.79739710e-01,
        -2.20494203e-01],
       [ 6.65439541e-02,  9.41553154e-02, -1.40271519e-01,
        -7.25992553e-02,  9.29831243e-02,  7.72757007e-02,
         1.94140135e-01, -2.32845250e-01, -1.83949077e-01,
        -6.28427524e-02],
       [-1.92231216e-01,  1.33494934e-01, -3.16853463e-02,
        -1.20290306e-01,  2.23049473e-02, -1.61644711e-02,
         1.80834848e-02,  7.38243254e-04, -1.20058250e-01,
        -2.16073104e-01],
       [ 9.45632811e-02, -1.73156742e-01,  1.24045376e-01,
        -8.70114346e-02,  3.36706229e-02,  1.06901847e-01,
        -1.53075673e-01,  2.08448032e-01, -1.89741469e-01,
        -4.31220494e-02],
       [ 1.33133720e-01, -2.50507810e-01, -2.24114319e-01,
         1.05924718e-01, -8.22194253e-03,  1.01625208e-01,
        -9.31356458e-02,  1.56183664e-01,  1.47432070e-01,
        -2.26588227e-01],
       [ 8.20913433e-02,  1.40707693e-01, -1.26420026e-01,
        -2.15908765e-01,  2.10557077e-02,  6.46646224e-02,
        -1.62992583e-01,  3.23804883e-02, -1.44065502e-01,
        -1.16950261e-01],
       [-1.42903854e-01,  7.36691028e-02,  1.39448490e-01,
        -1.80709528e-01,  1.37128176e-01, -1.36870558e-01,
         1.68311632e-01, -1.13950184e-01, -1.15036837e-01,
        -1.86552611e-01],
       [-2.42191100e-01, -4.32968994e-02, -1.13011115e-01,
        -1.32961138e-01, -5.26518735e-02, -6.69812162e-03,
         4.05740028e-02,  3.50557273e-02,  1.88221083e-01,
        -1.75215493e-01],
       [ 6.71068571e-02,  1.63568268e-01,  8.78142894e-02,
         1.36076282e-01,  8.82616901e-02,  1.93550895e-01,
        -5.56006267e-02,  1.17693998e-01,  2.95146300e-02,
         1.74803927e-01],
       [ 6.58750897e-02,  1.38043166e-01, -4.42327190e-02,
         2.99098477e-01,  1.61384520e-01, -9.49101689e-03,
         1.99949043e-01,  6.96420405e-02, -2.19152128e-01,
        -1.37145863e-01],
       [-2.69573372e-02,  2.25767942e-01, -1.68436629e-01,
        -5.30010278e-04, -1.51841358e-02, -1.81647767e-01,
        -2.25904477e-01, -9.82404669e-02,  1.38500863e-01,
         6.80707202e-02],
       [-6.43113274e-02,  1.60427283e-01, -3.68936403e-02,
         2.30828741e-02,  1.69069789e-02,  2.54430741e-01,
         1.62131580e-01,  1.71722315e-01, -2.29012621e-01,
        -2.10577789e-01],
       [ 3.55610430e-02, -6.92117877e-02,  5.26718057e-02,
         2.79502130e-02, -4.27687475e-02,  1.01413349e-01,
         8.46685381e-02,  3.71509982e-02,  1.80713173e-01,
         2.36400163e-01],
       [ 1.29727376e-01, -2.07016585e-01, -1.66244538e-01,
         5.87522339e-02, -7.98618931e-02, -1.09867341e-02,
         2.07771019e-01, -1.23748871e-02, -3.19417678e-02,
         5.60552382e-02],
       [ 1.47045361e-01,  1.52398969e-03, -2.14224263e-01,
        -4.02420743e-02, -1.14410432e-01, -2.33304257e-01,
        -1.19858706e-01, -1.30666118e-01,  1.32516281e-01,
        -1.11899676e-01],
       [ 1.54438610e-01, -2.43474883e-01,  1.19327113e-01,
         9.03513489e-02,  1.40549274e-01, -7.02929040e-02,
        -1.92673508e-01,  7.08478131e-02,  7.48870839e-02,
         6.24375580e-02],
       [ 1.67623882e-01, -2.21285444e-01, -1.18585391e-01,
        -2.15627798e-01, -1.36648611e-01,  1.42462238e-01,
        -1.19301633e-01, -1.71176311e-01,  1.34472595e-01,
        -2.01420418e-01],
       [-4.22094445e-02, -1.12921062e-01,  9.52735615e-02,
        -2.32924436e-01,  9.45236212e-02, -2.62155742e-01,
        -1.49812872e-01,  2.91706555e-02,  5.42680595e-02,
        -8.36709687e-02],
       [ 3.05059487e-02,  5.52734873e-02,  3.89053178e-03,
         2.14611997e-02, -3.32369758e-02, -9.81185089e-03,
        -1.88773595e-01,  1.13540525e-01,  1.21879551e-01,
         1.18832608e-01],
       [ 4.55556351e-02, -1.38516428e-01, -1.22456245e-01,
        -3.32719707e-02, -1.82002805e-01,  2.67682860e-01,
        -2.46477117e-01,  3.99085058e-02,  1.15682252e-01,
         1.29464204e-01],
       [-3.15210660e-02,  3.11079532e-02, -5.20920636e-02,
         2.82070983e-02,  1.03728481e-01, -1.59893979e-01,
        -2.55345103e-01, -1.47081747e-01, -9.53922490e-02,
         9.02444170e-02],
       [-5.27003259e-02,  1.66149030e-01, -1.96320370e-01,
         4.73276666e-02,  1.15708650e-01,  7.77345876e-02,
        -3.92265266e-02, -1.80763448e-01,  1.35161044e-01,
        -6.97314853e-02],
       [ 4.61679387e-02, -1.86044167e-01, -1.83247580e-01,
         2.43841483e-01,  1.09703092e-01,  9.31810902e-02,
        -8.34523077e-02,  1.75792123e-01, -1.47220510e-01,
         2.67870759e-02],
       [ 6.15478185e-02, -1.61799854e-01, -8.88356783e-02,
         2.30929285e-02, -1.56094146e-01, -1.84280822e-01,
        -1.61808387e-01,  1.29028509e-02, -1.72300387e-01,
         2.18124134e-02],
       [-1.23004687e-01, -2.31698317e-01, -1.06237494e-01,
        -3.92968176e-02,  1.41650055e-02,  3.54765938e-02,
        -5.72533422e-02,  2.04072324e-01, -1.38853698e-01,
        -1.57102590e-01],
       [-7.91207346e-03, -6.25886605e-02,  1.63445292e-01,
        -3.86040324e-03, -3.56731431e-02,  2.02540951e-01,
        -1.42428895e-01, -2.16280496e-01,  1.04331855e-01,
        -1.11343521e-01],
       [-1.17218988e-01,  7.71209023e-02, -1.42508873e-01,
         1.46476680e-01,  2.14005625e-01, -2.05215639e-01,
        -5.18206496e-02, -1.00239112e-01, -9.66882140e-02,
        -1.12075997e-01],
       [-2.27701795e-01, -7.28678893e-02,  1.22217047e-01,
        -1.81318636e-02,  2.10400001e-01,  2.52480852e-01,
        -6.35031449e-02, -2.07588320e-01,  1.93569841e-01,
         1.22593453e-01],
       [-7.88561288e-02, -4.89075414e-02,  1.56105301e-01,
        -2.69001464e-02, -1.46713917e-01,  1.17459902e-01,
        -1.59593473e-01, -2.28912587e-01,  1.55094994e-01,
         4.76212271e-02]]), array([-0.05371419, -0.015699  , -0.00379587,  0.03500946,  0.07977962,
        0.0546796 ,  0.08612783, -0.0035272 , -0.05356917,  0.07676798])]
Corrected:  [[ 2.35232435e-02 -1.33633299e-01  7.03472834e-02 -1.26113111e-01
   2.24962645e-02 -1.70883762e-01  1.00834222e-01  8.73290965e-02
  -1.92584855e-01  2.20963582e-01]
 [ 1.09388730e-01 -9.29401104e-02  1.97552650e-01 -1.46421708e-01
   2.23842246e-01 -1.10134233e-01  8.14334667e-02 -5.95931843e-02
   2.03762590e-01 -1.93538987e-01]
 [ 4.99208802e-02  2.05202513e-01  2.49676397e-01 -1.77587521e-01
   1.18039370e-01 -2.43618934e-03 -1.85765925e-01  1.07117235e-01
   2.13418695e-01 -1.52251319e-01]
 [ 1.89173101e-01 -6.31808211e-02 -2.69783715e-01  2.48499944e-02
  -2.09018871e-01 -1.99656999e-01 -7.88219278e-02 -1.74747962e-01
  -2.18058427e-01  6.39679467e-02]
 [ 2.64725966e-02  2.34113227e-02 -5.39015960e-02  2.11761486e-01
   8.83736645e-03 -7.49990253e-02  1.90402894e-01  1.13660327e-01
   9.34140361e-02  5.12487543e-02]
 [-1.74532248e-01  1.13595424e-01 -1.42257183e-01 -1.35318870e-01
  -1.33982384e-01  1.15427096e-01 -1.52549921e-01 -2.50253585e-01
   2.46759158e-01 -1.98295125e-01]
 [-9.93375689e-02  1.37129456e-01 -1.42153538e-01 -2.17280218e-01
  -2.13693572e-01  1.97048152e-01 -7.74571550e-02 -2.06320192e-01
   1.88143560e-01  2.52152571e-01]
 [ 1.92855678e-01  4.37853273e-02  1.70110677e-01  1.05610050e-01
   1.06248610e-01  2.36134311e-02 -1.58666862e-01 -1.22050184e-01
   1.88707942e-01 -4.66451349e-02]
 [ 2.45903361e-01  4.70205837e-02  2.26410439e-01 -1.22248165e-01
   2.03996700e-01  1.03824519e-01 -1.89508930e-01  4.32596133e-02
  -6.26540222e-02  1.95149691e-01]
 [-1.16280293e-02 -1.09182254e-01 -6.41133965e-02 -2.15258083e-01
  -1.70306501e-02  2.14054484e-01  1.04322005e-01 -1.69445252e-01
   7.73182985e-02 -2.65065608e-02]
 [-1.42671068e-01  6.95581029e-02 -1.28889550e-01  1.94069693e-01
   3.65432471e-02 -6.95274568e-02 -2.00020695e-01  2.23446499e-01
   1.22267322e-02 -2.22952049e-02]
 [ 1.15347195e-01 -1.64991076e-01 -1.93240851e-01 -1.14268878e-01
  -2.36231584e-01  1.64809713e-01  9.69154507e-02  2.25912798e-01
   3.53871456e-02 -1.79134180e-01]
 [-1.77322078e-01 -2.19111687e-01 -1.29571935e-01  9.05032690e-02
   5.97634980e-02  9.08358427e-02  1.56092950e-01  1.04284209e-01
  -5.12929292e-02  1.14930532e-01]
 [ 6.18356363e-03  1.48429829e-01 -2.53294626e-02  1.82861174e-01
   9.14243785e-02 -1.36226269e-01 -1.92594082e-01  1.45028411e-01
   3.76664615e-02  1.65931533e-01]
 [ 9.65756824e-02 -1.92839281e-01  9.75445161e-02 -1.44054233e-01
   1.96560322e-01  1.03204795e-01 -1.28685077e-01 -2.28170345e-01
  -6.69511311e-02 -1.09038430e-01]
 [ 1.64733578e-01  2.52283619e-02 -2.54599686e-01 -2.70470021e-03
  -3.27783705e-02  1.69330942e-01  3.20277177e-02 -1.51456455e-02
   1.84538969e-01 -8.37747685e-02]
 [ 1.54128994e-01  2.24994561e-01  1.78974234e-01 -1.39196333e-01
  -2.69463957e-01  7.13114756e-02 -6.35176667e-04 -9.41367011e-02
  -9.97375435e-02  5.05270875e-02]
 [ 1.41921307e-01  1.36093439e-01  8.11499904e-03 -1.47003347e-01
   3.59819069e-02  1.03123173e-01 -1.26905294e-01  1.39309774e-01
  -1.39128137e-01  9.02782395e-02]
 [ 1.54410052e-01  1.33937092e-02  1.46062113e-01 -5.88204322e-02
  -2.42999357e-01 -4.88009658e-02  1.76493024e-01  8.53369629e-02
   9.87999543e-02 -1.03879667e-01]
 [ 1.20939830e-02  2.21091905e-01 -2.46013641e-01  2.26947524e-01
  -2.02365924e-01  1.76091794e-01 -1.27971623e-01  2.23977543e-01
   4.15888683e-03  2.35893795e-01]
 [ 3.93008676e-02  2.83199185e-02 -1.67952276e-01  9.15012803e-03
  -9.76609608e-02 -8.27296693e-02 -2.71806125e-01 -1.60989390e-01
  -2.58183614e-01 -1.34049573e-01]
 [ 2.41809711e-01  1.49097302e-01  2.00763157e-01  1.56590065e-01
   2.24687696e-02  2.31343058e-02  1.90501072e-02  5.94157026e-02
  -4.78459718e-02 -6.94186377e-02]
 [-5.49700966e-02 -1.66196281e-01 -1.51630846e-01  2.14862115e-01
  -5.36717415e-02 -2.24240342e-01  6.40226429e-02  2.46328692e-02
   1.68333540e-01  1.01209025e-01]
 [-1.75217520e-01 -2.02869714e-01 -2.48127847e-02  4.99181071e-02
  -1.93596127e-01  1.66441491e-01 -1.53595274e-01 -1.59584906e-02
  -1.43290013e-01 -2.29830573e-02]
 [ 5.90753436e-02  6.65804817e-02  2.12668595e-01  1.57970444e-01
  -7.56886968e-02 -4.13178349e-02 -2.20171939e-01 -4.16042601e-02
  -1.01936280e-02 -2.32996258e-01]
 [-1.75132623e-01  1.88009645e-01  6.20334136e-02  7.45766217e-02
  -1.08875362e-01  1.49641914e-01  1.05722478e-01 -2.29015399e-02
  -5.19925183e-02  8.08346778e-02]
 [-4.86123022e-02  2.29285433e-01 -1.86655206e-01 -6.82933952e-02
  -2.28346453e-01  9.78175037e-02  1.67501871e-01 -9.04388241e-02
   3.60742040e-02  9.44253080e-02]
 [-2.05075720e-01 -3.85536463e-02 -2.32042276e-01 -1.53471402e-01
  -1.08296033e-02 -6.27088916e-02 -1.48191154e-01  1.81072339e-01
  -2.50281997e-01  2.24221660e-01]
 [-9.20674055e-02 -8.51674919e-02 -2.67230185e-01  1.40655819e-01
  -8.40619681e-02 -1.03755640e-01  1.72404102e-01  1.81587022e-02
  -8.03916853e-02 -1.91722468e-01]
 [-3.16649358e-03 -1.41905668e-01  2.24647996e-01  5.97395124e-02
  -1.86468355e-02 -1.33956676e-01  2.01280345e-01  1.11164292e-02
  -7.51378602e-02 -3.60386900e-02]
 [-1.96943930e-01 -1.19782993e-01 -9.39747109e-02  1.67901901e-01
  -9.93678311e-02  1.22425174e-01  6.24677533e-02 -1.64244538e-01
   1.81258007e-01  1.56894209e-01]
 [-1.16536152e-01 -4.07426280e-02  8.94761004e-02  4.16369457e-02
  -2.51597508e-02  1.61319183e-02  2.40382253e-02 -1.21089339e-01
   1.63402990e-01  1.48448914e-02]
 [ 8.82754421e-02 -5.14407456e-02  2.06656646e-01 -5.12768879e-02
  -1.12932902e-01  1.45786024e-01  1.95129611e-01 -2.05540854e-01
  -3.62544276e-02 -1.66583117e-01]
 [-7.07581329e-02 -1.23125966e-01 -1.20572911e-01 -2.60888329e-01
   1.08846189e-02 -1.07426092e-01 -1.32396711e-02 -2.08699285e-01
   2.60259360e-03 -2.54657144e-01]
 [ 6.25109791e-02  1.07116369e-01 -9.85807234e-02  1.24056711e-01
  -1.29027893e-01  2.52558295e-01 -1.68666028e-01 -1.15270950e-01
   9.97999186e-02  2.97914253e-02]
 [ 1.27674413e-01 -1.46797736e-01 -8.51676939e-02  1.22654467e-01
  -1.45154998e-01  1.83882503e-01 -3.01470408e-02  9.78132467e-02
   1.75606400e-01  1.14629641e-01]
 [ 1.33724768e-01  2.21482983e-01  1.19843107e-01 -7.19416404e-02
  -6.89985214e-03 -1.45413308e-01  2.53209202e-02 -5.82735551e-03
  -7.96980861e-02 -7.77818898e-02]
 [-4.38891032e-02 -1.67109135e-01 -1.06976784e-01  2.51661439e-01
   6.26478701e-02  2.54443293e-02 -1.18905014e-01 -5.95618447e-02
  -8.45948910e-02  6.18490156e-02]
 [ 2.28120583e-01 -1.30202655e-01 -2.32394560e-02  1.49172987e-01
  -6.66196765e-02 -3.00419526e-02 -7.20383156e-02  2.96731948e-02
   1.09671089e-01 -1.55953881e-01]
 [-1.62216986e-01  2.30465891e-01  1.86825297e-01 -1.22354777e-01
  -2.25081327e-01  1.54721094e-01 -4.79621005e-02 -4.74876006e-02
  -4.57448932e-03 -1.80524840e-01]
 [ 9.15208998e-02  2.00622626e-01  1.10624182e-01 -3.89473085e-02
  -1.22505777e-01 -5.59026572e-02  1.65875706e-01  1.25886564e-02
   1.66745223e-01 -1.75553232e-01]
 [-1.51681334e-01 -8.25225442e-02  1.67539403e-01 -1.20603528e-02
  -3.33052365e-02 -8.91957706e-02 -1.47434950e-01 -1.82071451e-01
  -9.58516621e-02  6.91141414e-02]
 [ 1.40271710e-01 -5.53563805e-02  2.17433335e-01 -9.79653446e-02
   6.48920419e-02  4.20939137e-02  1.89493716e-01  4.17582707e-02
   1.07323224e-01  1.40125009e-01]
 [-8.51372224e-02  1.33831170e-01 -2.28384951e-01  1.77598595e-01
   2.28609707e-01  1.36383116e-01  9.88354921e-02  1.08546485e-02
  -9.06470283e-03  1.84922189e-01]
 [ 3.30279732e-02 -1.76013439e-01 -1.16394366e-01 -6.32008892e-02
   2.41740987e-01  1.22388296e-01 -4.86080694e-02 -1.52681376e-01
   2.29042414e-01 -1.11564521e-02]
 [-5.09654248e-02 -7.18999849e-02 -4.43387019e-02  1.32132309e-01
  -2.43730061e-01 -2.45221973e-01 -8.58206026e-02 -2.09271794e-01
   1.07013137e-01  1.37753545e-01]
 [ 1.38908552e-01  5.17113992e-02 -2.62384024e-01  2.12509325e-01
  -6.76906261e-02  1.04885615e-01 -3.00243868e-03  5.88170041e-02
  -4.35928988e-02  1.86713434e-01]
 [-1.69592756e-01  1.95197665e-01 -4.48420909e-02  2.59744547e-01
   2.90317427e-01  4.66876987e-02 -1.29148803e-01 -8.31278083e-02
   1.63979043e-01 -1.47339873e-01]
 [ 4.41359347e-02 -9.73065450e-02  1.88572307e-01 -1.98621590e-01
  -2.61221620e-01 -7.17970164e-02 -1.22976092e-01  1.06396380e-01
   1.80434276e-01 -1.60260413e-01]
 [-1.45546016e-01  1.86847635e-01 -7.77044918e-02 -1.45996380e-01
  -2.28907687e-01 -1.16794442e-03  1.92946970e-01  1.49723154e-01
  -1.63670531e-01  7.22171546e-02]
 [-1.32132297e-01 -1.64443864e-01 -8.55232487e-02  2.47108282e-01
   1.39132031e-01  7.22462669e-02  2.73152896e-01 -2.05529602e-01
  -8.72740024e-02  1.00336722e-01]
 [-7.30656145e-02 -1.39760190e-01  1.66387960e-01  4.89427413e-02
  -1.48523246e-01  1.78800159e-01  2.38460124e-01 -4.37278428e-02
  -1.34391006e-01  9.41061283e-02]
 [ 1.62903010e-01 -1.47183037e-01 -2.08050310e-01  1.80706348e-02
  -5.02557191e-02 -4.54867933e-02 -1.96118708e-02 -3.01326407e-02
  -1.60406782e-01 -1.75324815e-02]
 [-9.48464066e-04  4.51873254e-03 -3.32000262e-02  1.64702673e-01
   1.73861387e-01  1.97363395e-02  1.54118548e-01 -4.05821830e-02
  -1.16507603e-01  1.26497730e-02]
 [ 1.13088545e-02  6.11830619e-02  7.31578887e-02  1.80689371e-01
  -7.71524767e-02 -2.56741139e-01  9.70252209e-02  2.78502545e-02
  -5.42855564e-03  1.74465567e-01]
 [-1.56349425e-01 -2.06765512e-02  1.50843014e-01  1.67295449e-01
   2.08990167e-01 -2.62314172e-01  2.35301389e-01  3.30210319e-02
   1.98364740e-01  7.97050229e-03]
 [ 1.22100600e-01 -1.94016860e-02  1.62871390e-01  1.70177401e-01
  -5.81083694e-02 -1.00595522e-01 -1.25696093e-01 -1.96304312e-01
   1.89159497e-01  1.64971980e-01]
 [-7.50915048e-03 -1.21787562e-01 -1.24250619e-01 -5.43854839e-02
  -1.14693216e-01 -1.89102306e-01 -2.42413202e-01 -1.49956818e-01
  -1.42397876e-01 -4.03637814e-02]
 [ 1.93410647e-01 -2.28014330e-01 -9.28405041e-02  9.49635299e-02
  -4.61871010e-02 -2.62894258e-01 -2.79358568e-04  1.48981774e-02
   1.69818962e-01 -4.93135675e-02]
 [ 2.44054654e-01  6.92380067e-02  2.10493516e-02  7.37208650e-02
   6.46047396e-02  8.95456359e-02  3.92753263e-02  2.06957250e-01
  -2.34839553e-02  2.50217752e-01]
 [-6.17267905e-02  3.09165433e-02 -7.70069248e-02 -9.45384713e-02
   4.17023687e-02 -3.32984708e-03 -1.67352855e-01  2.06573634e-01
   7.89785620e-02  9.50968779e-03]
 [-2.34379056e-01  8.00586412e-02 -1.83834036e-01  1.81558244e-01
  -7.24025922e-02 -1.51985344e-01  8.98680688e-03  1.21042885e-01
  -9.40012752e-03 -9.13222248e-04]
 [ 2.66910466e-02  1.28702045e-01 -8.43572290e-02 -1.63488078e-01
   7.55729243e-02  1.39878059e-01  1.77192502e-01 -1.11143803e-02
  -5.62171772e-02  1.22448389e-01]
 [-1.08350782e-02 -1.23635199e-01  1.15466853e-02  7.52250627e-02
   2.35273583e-01  6.33851397e-02  2.73856727e-01 -1.73502434e-01
  -1.70178029e-01 -1.71135771e-01]
 [ 6.29700308e-02  1.30816782e-01 -1.11944877e-01 -4.00944397e-03
   1.11056174e-01 -7.45100675e-02 -1.80212847e-01  5.26635759e-02
   3.43925279e-02  1.20264854e-01]
 [ 7.19569177e-02 -1.38573594e-01 -1.98245736e-01 -3.09728677e-02
   3.60102401e-02 -9.92190051e-03 -5.06111013e-02  8.96725118e-02
  -8.23503158e-02 -1.66532386e-01]
 [ 1.50907381e-01  2.01724113e-01 -2.90809851e-02 -5.28659063e-02
  -1.74893184e-01 -3.43112013e-02  1.61313505e-01  2.07062537e-01
  -1.90823599e-02  2.31974617e-01]
 [-7.57345278e-02 -1.85099065e-01  1.75370656e-01 -2.13267683e-01
  -1.47186462e-01 -7.81590769e-02 -1.69527251e-01 -2.33636328e-01
  -1.67498868e-01  2.25933211e-01]
 [ 2.69814775e-01  1.69497685e-01 -1.22322231e-01  1.21158435e-02
   2.46952660e-01 -2.56766072e-01 -4.62381911e-04 -9.02988383e-02
  -1.16706899e-01 -2.78935148e-01]
 [ 3.99747811e-02 -4.18757567e-02  5.33141368e-02  5.41345063e-02
   7.48431601e-02 -9.18310869e-02 -2.91461357e-02 -2.24218525e-01
  -1.93718626e-01  1.32208814e-01]
 [-1.57452958e-01  2.49418170e-01  1.14588141e-01  2.05753359e-01
   1.64826686e-01 -1.79748668e-01 -1.01946544e-01 -2.34198477e-01
   1.27608228e-01  7.38407199e-04]
 [-1.44319920e-01 -1.10237764e-01 -1.69430429e-01  9.23117226e-02
  -1.47243258e-01  2.26622267e-01 -1.26827143e-01  1.30717197e-01
  -1.79739624e-01 -2.20494070e-01]
 [-6.65439295e-02 -9.41554026e-02  1.40271552e-01 -7.25989355e-02
  -9.29830751e-02  7.72757148e-02 -1.94140142e-01  2.32845020e-01
  -1.83949043e-01 -6.28428770e-02]
 [ 1.92231129e-01 -1.33495198e-01  3.16852840e-02 -1.20290331e-01
  -2.23049120e-02 -1.61644853e-02 -1.80835277e-02 -7.37728578e-04
  -1.20058273e-01 -2.16073159e-01]
 [-9.45632163e-02  1.73157402e-01 -1.24045283e-01 -8.70114205e-02
  -3.36706927e-02  1.06901905e-01  1.53075731e-01 -2.08447695e-01
  -1.89741454e-01 -4.31222778e-02]
 [-1.33133599e-01  2.50507757e-01  2.24114115e-01  1.05924361e-01
   8.22182545e-03  1.01625163e-01  9.31356582e-02 -1.56183920e-01
   1.47432135e-01 -2.26588325e-01]
 [-8.20912912e-02 -1.40707627e-01  1.26420065e-01 -2.15908613e-01
  -2.10556087e-02  6.46646518e-02  1.62992616e-01 -3.23804760e-02
  -1.44065574e-01 -1.16950227e-01]
 [ 1.42903829e-01 -7.36690467e-02 -1.39448282e-01 -1.80709588e-01
  -1.37128528e-01 -1.36870542e-01 -1.68311780e-01  1.13950106e-01
  -1.15036837e-01 -1.86552614e-01]
 [ 2.42191102e-01  4.32969798e-02  1.13011126e-01 -1.32961211e-01
   5.26519134e-02 -6.69817129e-03 -4.05739547e-02 -3.50551365e-02
   1.88220954e-01 -1.75215539e-01]
 [-6.71068850e-02 -1.63568282e-01 -8.78143530e-02  1.36076358e-01
  -8.82616928e-02  1.93550847e-01  5.56006528e-02 -1.17694108e-01
   2.95145636e-02  1.74803905e-01]
 [-6.58750894e-02 -1.38043268e-01  4.42327617e-02  2.99098306e-01
  -1.61384636e-01 -9.49116939e-03 -1.99949097e-01 -6.96421523e-02
  -2.19152166e-01 -1.37145989e-01]
 [ 2.69573869e-02 -2.25767829e-01  1.68436570e-01 -5.30135568e-04
   1.51842613e-02 -1.81647782e-01  2.25904541e-01  9.82404879e-02
   1.38500812e-01  6.80708836e-02]
 [ 6.43113719e-02 -1.60427291e-01  3.68936191e-02  2.30828698e-02
  -1.69069783e-02  2.54430701e-01 -1.62131589e-01 -1.71721913e-01
  -2.29012632e-01 -2.10577720e-01]
 [-3.55610336e-02  6.92117558e-02 -5.26717771e-02  2.79502262e-02
   4.27688110e-02  1.01413433e-01 -8.46685516e-02 -3.71511670e-02
   1.80713186e-01  2.36400495e-01]
 [-1.29727357e-01  2.07016372e-01  1.66244629e-01  5.87522109e-02
   7.98617591e-02 -1.09867284e-02 -2.07770882e-01  1.23749027e-02
  -3.19418061e-02  5.60553643e-02]
 [-1.47045450e-01 -1.52395031e-03  2.14224244e-01 -4.02420084e-02
   1.14410595e-01 -2.33304319e-01  1.19858667e-01  1.30666068e-01
   1.32516158e-01 -1.11899773e-01]
 [-1.54438775e-01  2.43474907e-01 -1.19327159e-01  9.03513330e-02
  -1.40549273e-01 -7.02929770e-02  1.92673507e-01 -7.08475001e-02
   7.48871893e-02  6.24380278e-02]
 [-1.67623838e-01  2.21285463e-01  1.18585376e-01 -2.15627924e-01
   1.36648655e-01  1.42462166e-01  1.19301641e-01  1.71176832e-01
   1.34472794e-01 -2.01420361e-01]
 [ 4.22093760e-02  1.12921228e-01 -9.52736239e-02 -2.32924324e-01
  -9.45234362e-02 -2.62155896e-01  1.49812893e-01 -2.91704570e-02
   5.42680588e-02 -8.36710317e-02]
 [-3.05059709e-02 -5.52734622e-02 -3.89071167e-03  2.14612362e-02
   3.32370954e-02 -9.81198989e-03  1.88773644e-01 -1.13540361e-01
   1.21879487e-01  1.18832945e-01]
 [-4.55556454e-02  1.38516471e-01  1.22456504e-01 -3.32716881e-02
   1.82002941e-01  2.67682807e-01  2.46477157e-01 -3.99087949e-02
   1.15682158e-01  1.29464528e-01]
 [ 3.15211056e-02 -3.11079336e-02  5.20921472e-02  2.82069298e-02
  -1.03728542e-01 -1.59894123e-01  2.55345032e-01  1.47081844e-01
  -9.53924099e-02  9.02443110e-02]
 [ 5.27003187e-02 -1.66149101e-01  1.96320482e-01  4.73276140e-02
  -1.15708593e-01  7.77345478e-02  3.92264004e-02  1.80762953e-01
   1.35160971e-01 -6.97315424e-02]
 [-4.61678617e-02  1.86044029e-01  1.83247548e-01  2.43841311e-01
  -1.09703277e-01  9.31813150e-02  8.34522963e-02 -1.75792661e-01
  -1.47220576e-01  2.67870742e-02]
 [-6.15480186e-02  1.61800023e-01  8.88357004e-02  2.30928375e-02
   1.56094038e-01 -1.84280789e-01  1.61808319e-01 -1.29026235e-02
  -1.72300292e-01  2.18124572e-02]
 [ 1.23004657e-01  2.31698247e-01  1.06237493e-01 -3.92969120e-02
  -1.41650211e-02  3.54766299e-02  5.72534001e-02 -2.04072358e-01
  -1.38853723e-01 -1.57102619e-01]
 [ 7.91214411e-03  6.25887302e-02 -1.63445233e-01 -3.86042169e-03
   3.56732039e-02  2.02540950e-01  1.42428663e-01  2.16280901e-01
   1.04331941e-01 -1.11343530e-01]
 [ 1.17218989e-01 -7.71209163e-02  1.42508817e-01  1.46476492e-01
  -2.14005788e-01 -2.05215556e-01  5.18204565e-02  1.00239311e-01
  -9.66881595e-02 -1.12075921e-01]
 [ 2.27701824e-01  7.28679644e-02 -1.22217063e-01 -1.81318460e-02
  -2.10400152e-01  2.52480832e-01  6.35031871e-02  2.07588613e-01
   1.93569841e-01  1.22593273e-01]
 [ 7.88561683e-02  4.89075819e-02 -1.56105259e-01 -2.69004271e-02
   1.46714012e-01  1.17459948e-01  1.59593363e-01  2.28912715e-01
   1.55094885e-01  4.76212207e-02]] [[ 0.05365981]
 [ 0.01571392]
 [ 0.00384886]
 [ 0.03518945]
 [-0.07966212]
 [ 0.05476751]
 [-0.0861395 ]
 [ 0.00397464]
 [-0.05353834]
 [ 0.07710716]]
Original Neuron 0 maps on to recovered neuron 1
absolute values of weights are close enough
Original Neuron 1 maps on to recovered neuron 5
absolute values of weights are close enough
Original Neuron 2 maps on to recovered neuron 6
absolute values of weights are close enough
Original Neuron 3 maps on to recovered neuron 0
absolute values of weights are close enough
Original Neuron 4 maps on to recovered neuron 8
absolute values of weights are close enough
Original Neuron 5 maps on to recovered neuron 3
absolute values of weights are close enough
Original Neuron 6 maps on to recovered neuron 4
absolute values of weights are close enough
Original Neuron 7 maps on to recovered neuron 2
absolute values of weights are close enough
Original Neuron 8 maps on to recovered neuron 7
absolute values of weights are close enough
Original Neuron 9 maps on to recovered neuron 9
absolute values of weights are close enough
