
Check the solution of the last weight matrix.
Neuron 0 maps on to neuron 14 with error 9.690276260116375e-06 ratio -1.7004944000067288
Bias check [0.00886318]
Neuron 1 maps on to neuron 13 with error 2.1930821700330065e-06 ratio -3.27541894728701
Bias check [-0.00140765]
Neuron 2 maps on to neuron 10 with error 5.2155898533496134e-05 ratio 1.8505278526593796
Bias check [-0.02418138]
Neuron 3 maps on to neuron 6 with error 2.640886134424485e-06 ratio -2.685359224461939
Bias check [0.00435993]
Neuron 4 maps on to neuron 7 with error 4.446781495712643e-06 ratio 1.6119734517831845
Bias check [-0.00132923]
Neuron 5 maps on to neuron 1 with error 8.871009500116273e-06 ratio 1.638288545183869
Bias check [0.00509359]
Neuron 6 maps on to neuron 15 with error 4.834534639872583e-06 ratio -0.5908178230738861
Bias check [-0.00205158]
Neuron 7 maps on to neuron 8 with error 1.4159822041920251e-05 ratio 1.8361897406821315
Bias check [0.00450375]
Neuron 8 maps on to neuron 3 with error 7.400255016487056e-06 ratio 0.7479227186130735
Bias check [0.0034864]
Neuron 9 maps on to neuron 2 with error 2.341849746718724e-05 ratio 0.6352350452790665
Bias check [0.02509912]
Neuron 10 maps on to neuron 9 with error 2.3240106224078225e-06 ratio -1.6806018857439584
Bias check [-0.00342812]
Neuron 11 maps on to neuron 11 with error 2.380828881271216e-06 ratio -2.3224770845208234
Bias check [0.00229987]
Neuron 12 maps on to neuron 13 with error 0.6570837058256395 ratio 0.00011973380085322308
Bias check [-1.16176615]
ERROR LAYER EXTRACTED INCORRECTLY
	GAPS: 0.9930 1.0036 1.0002 1.0038 1.0091 0.9578 0.9758 1.0011 0.9970 1.0000 0.9998 1.0048 1.0171 0.4318 0.8225 0.9996
	  Got: 1.0000 -6.3220 2.1003 9.6406 -2.0122 -0.7867 -5.3477 2.3712 0.4673 3.4003 3.3659 5.2448 -5.9984 -3.1184 -17.5315 -17.3434 -11.1451 -3.9547 -10.6496 1.6355 2.0489 -0.4480 -2.2375 6.0485 -0.3428 -2.7273 9.0475 -1.8307 6.8218 -4.4448 4.4022 7.9686 1.0986 2.7582 -7.4763 30.7922 76.0984 126.5667 107.2858 82.3740 81.4891 105.6189 130.9776 73.3884 -8.0715 -0.3458 -48.8894 -71.6021 -63.4945 -23.4750 9.4839 3.5061 -12.4617 4.4999 -1.1841 2.7327 3.6315 -2.3451 16.4601 -44.2978 -36.9010 -19.3675 60.9201 94.9040 110.9493 -44.8136 -54.3768 -65.0933 -154.9209 -53.8087 -4.9230 -68.5210 6.5383 97.8169 42.6546 35.7102 27.5560 -39.2148 49.6573 62.4065 12.3956 10.0964 5.9248 4.8829 1.8116 -2.5697 -51.8412 -97.7234 -18.3997 84.2531 -34.7529 -65.4426 -55.4104 -101.9000 -62.8534 -49.2817 -57.5889 -116.8085 -48.6616 -30.5798 12.2439 -11.7205 -0.8050 125.5323 35.6411 154.8462 -34.4748 -3.4505 36.4164 -56.8019 2.0358 -5.4219 -9.6312 16.7206 -51.5759 -117.0792 -55.5942 33.3556 -62.9724 -11.4613 31.3850 -32.3180 -20.1626 -31.8752 11.8453 -21.9888 -7.5539 -50.8720 -63.7854 32.2293 -13.5464 9.4475 -24.7218 18.4409 -1.5132 196.2467 83.0052 -10.9675 -36.9613 -29.7344 -4.2307 5.4617 -91.4719 53.4818 70.6485 48.8081 40.2475 -24.7693 58.8967 72.8499 36.2128 19.1443 -24.9484 -42.8029 -13.0482 -32.9523 -5.9793 12.3662 -3.1577 7.4048 34.1713 -9.2896 -11.2922 169.1415 120.6600 -6.3413 -63.8285 13.0010 4.4504 -2.1379 -33.2336 20.1179 103.7143 -14.8494 73.1209 10.4460 74.1450 16.4474 -25.1047 13.7523 -16.8012 -23.4346 15.5239 -0.5961 -36.3794 10.9478 7.0121 5.1824 29.4478 5.2672 -30.7785 53.8792 72.1721 -1.5063 -42.2362 -71.3584 7.0133 28.9058 40.6944 116.6398 33.3795 20.3340 38.1406 13.1869 14.6077 25.3184 35.8678 34.3702 -20.4030 52.3074 -5.6238 -0.0151 -71.1440 -1.6101 -0.0894 27.7274 -26.5804 -50.1589 64.4111 55.9384 53.1383 45.6248 28.4668 -34.4875 129.5784 -5.9088 59.7394 119.7337 44.6241 29.2607 -26.9038 -10.8724 -2.0808 60.9676 -12.0715 6.8587 30.8009 -14.6030 -20.1222 -43.8433 -11.4613 -9.3771 37.3410 -32.9015 18.5164 34.5821 81.9440 30.6733 39.9778 51.4984 -14.3174 -72.3274 5.9143 17.0174 -23.3830 8.9192 27.1591 29.3406 8.1951 -19.6597 -4.9301 28.1772 6.6787 4.2546 30.1853 -4.4561 31.2653 -90.7753 19.0101 7.2730 4.8564 38.2917 5.7048 -24.1649 76.1857 65.4412 -1.4605 101.6654 -156.1678 -22.1911 2.0383 71.3038 61.8129 -47.8058 -53.0383 37.0834 -9.4960 -20.8746 -18.3681 22.7546 -53.4107 27.0527 -14.4527 18.3785 -73.6099 -126.4274 35.9731 23.7186 32.8292 22.9975 57.8985 62.7267 43.9345 -14.0789 85.4617 80.0294 34.8703 -138.8947 6.4764 183.1168 -6.2637 -51.9458 -31.2891 14.8887 10.3901 -34.0304 19.1334 41.8386 3.3960 1.8314 1.0133 -4.5385 -77.9551 -85.8160 -27.5146 27.0826 15.2303 14.8274 6.9030 17.4475 31.5571 20.1939 8.8869 81.6804 107.4527 -21.7556 3.5169 15.6995 -72.6576 31.6986 -92.1077 -56.0673 18.6363 -31.5479 -18.7863 -9.3680 15.1401 69.1067 21.6810 38.9754 -34.6657 -16.7585 -21.0062 5.0542 3.0704 46.8891 -4.8340 14.1528 52.2932 -1.2267 -160.3262 59.1381 98.0196 31.6892 -69.7664 -11.2244 33.7298 -75.9876 -81.7594 -45.6472 28.4269 45.1345 40.5632 65.8115 57.5266 36.5648 -5.8103 -12.1670 -15.9575 -7.3823 -39.7790 -11.1552 -31.9603 23.6136 18.2719 11.9411 -18.0529 104.4620 -13.6360 -72.0110 -70.4199 15.6919 10.3942 -11.1106 -85.6325 -73.3284 -86.9491 77.6368 60.4536 44.2920 51.5850 21.9303 -18.6219 42.3791 4.8608 14.3686 -32.1640 14.1572 -11.5078 10.1975 -15.2995 20.6043 110.1460 28.4740 -17.9293 -65.8255 -56.2854 -23.3065 -132.7179 -71.1356 3.0250 1.6496 -42.2567 -46.8489 -61.9854 99.4881 105.2700 50.7900 0.9944 -6.7106 1.9734 24.7031 -18.0472 -17.2384 5.4790 22.7350 -24.4643 29.1383 51.7897 57.9365 35.0660 -77.3715 4.4974 4.0663 -12.8253 -115.3092 -120.5058 -53.6672 8.2543 11.3354 -73.3165 62.5182 -58.7010 45.1874 -9.6525 -47.2005 56.9866 -52.0529 11.5655 -2.1576 -7.6317 -9.7357 -8.6671 -3.5082 -13.1589 11.8966 96.9177 36.1028 29.7723 10.3906 4.0259 -65.5765 -70.5572 -143.6994 -83.2606 -54.4897 8.7634 -20.7361 11.5785 47.4333 22.3077 -26.7992 13.1826 24.1834 46.8533 27.9270 -27.9233 -3.1890 -12.4400 -17.3606 -26.8356 7.6214 27.3783 34.9848 66.0899 -27.0900 -24.5573 9.3137 -15.6526 -22.7273 -31.9851 -58.2067 53.1270 -165.3282 -90.5541 -4.5158 -15.0551 123.7034 110.5156 21.8920 11.6642 25.2476 -20.7538 -30.5692 -26.1032 -7.4424 7.0883 -0.9575 10.4964 13.1055 26.1412 7.2259 -26.2997 22.5061 -14.0037 -20.0459 -30.6155 63.0516 61.4628 12.2834 80.6624 -54.2287 0.0288 -66.0616 -116.6878 29.8495 27.3797 -12.8219 -51.3499 -28.5605 26.9887 -20.6893 -26.5437 -0.1972 -19.7513 10.3604 23.9668 -2.9569 -7.9860 7.2595 20.7902 -16.6354 -13.9424 -20.3091 -43.1756 -80.0914 58.8860 -45.6284 -150.7414 28.1854 10.4499 44.9513 -20.2729 36.7939 42.3685 41.5283 34.4851 35.4173 -24.0135 -6.9391 27.6933 -26.8331 -0.5112 -22.2575 -26.3366 -0.2432 -17.8999 0.3794 1.9868 -20.9688 -1.2377 3.4037 -51.9970 -20.3251 -45.9733 -50.3656 -6.2475 -16.1513 5.4406 -18.6651 -87.6083 162.1212 0.2910 47.8607 -77.1231 -27.4117 -50.0033 -26.9039 -43.8055 -24.8076 -19.4498 10.8705 -6.3640 -20.5290 -33.3155 38.8694 -43.1172 -5.5988 -28.0162 31.6194 -35.8684 39.2625 -22.4896 -42.9881 146.0313 -4.2910 3.6825 -5.1042 -38.8222 68.1585 22.1292 87.4564 -36.5288 10.4454 -1.1725 12.9369 -19.8242 -4.8519 -6.5834 0.1401 -34.1533 12.6566 -31.6230 -11.3492 -17.8528 -46.9674 -39.4374 -70.5337 7.9445 -26.8667 -53.4844 -72.4534 118.6380 8.4935 0.5295 -1.0539 -7.5562 -36.7930 39.3894 0.2986 23.3419 -14.3241 -2.5848 -10.9918 14.6948 24.3009 -9.1456 4.1641 37.1572 2.0540 -9.8533 -47.5587 -18.2669 20.3361 5.7001 0.8483 -41.9102 13.0582 -62.3705 -29.5005 -112.3894 8.2563 -2.0358 -9.2807 -41.4961 34.3441 17.2798 117.1632 -39.0526 -0.9654 49.2921 40.5837 -35.3672 -4.2831 -0.1491 62.0190 -4.0672 -19.9495 66.1195 -49.5997 18.6531 -33.1053 -70.2591 -105.3299 26.1436 -61.5401 -76.0702 88.8682 52.5607 11.0077 -5.5634 0.1148 -52.4045 -0.8105 -86.7474 -32.4031 -1.9068 100.2035 103.9903 45.1269 93.0838 115.0924 46.8074 49.2348 3.9551 72.9604 81.4812 144.6097 23.5022 -47.0394 -51.9670 -19.8677 14.4316 -1.4715 -116.2179 -21.6600 17.8532 -3.0124 1.2363 9.9890 -2.7633 -72.3675 -55.6347 -74.9585 -80.6756 -97.5007 51.3889 120.2423 -28.1717 -31.8264 108.8911 95.9326 103.6661 211.9585 -48.9403 -46.7871 -74.7816 -112.7300 -6.7950 26.2389 -17.3291 -5.8301 -19.4762 17.6147 1.5946 -5.5675 -4.4744 1.0522 7.6381 3.9551 11.9244 18.3017 -22.9539 -49.7509 -39.9883 -40.9970 18.5620 -17.0134 -21.7335 71.2368 -2.4941 3.1183 7.4167 60.0673 -3.2395 33.3097 14.6274 28.8749 -21.7349 13.4637 3.4708 -3.3167 1.0279 -2.5353
	 Real: 1.0000 9.7143 -3.5395 -7.3690 6.7721 8.7763 4.2858 -1.8316 -7.0737 -3.3910 -4.6853 -6.8569 6.2303 5.2284 -1.0692 11.4328 7.7379 7.4376 6.6112 5.7859 -6.6054 -0.7406 6.4936 -9.6517 1.4276 0.9846 -10.0850 10.2912 -5.7070 7.3879 0.4380 -3.4189 1.5700 -0.6661 -4.0237 -56.0904 -118.5185 -211.1350 -188.8273 -146.7495 -158.6374 -131.2965 -96.5487 1.5024 43.7923 49.7334 -9.9467 6.0029 -5.9981 -10.5666 -11.7483 -2.3461 9.5348 -6.4448 2.3900 -5.9723 -4.9170 9.3980 -6.2865 -5.6152 7.0082 -14.5926 -111.1361 -161.6136 -186.4178 -13.0042 52.6162 -4.8959 77.6958 10.6473 15.3834 -4.0511 -54.7524 -177.2445 -177.2187 -106.5555 -76.8229 -18.9756 -74.8761 -43.4369 -26.2138 -25.4206 -6.2750 -2.1326 -1.7526 8.8418 115.9915 101.9348 -8.9352 -144.0623 -32.4736 -48.1367 -34.4619 38.6914 -46.9550 -58.2479 -58.8368 -54.7107 -108.7040 -88.6409 -34.5810 -9.3332 -113.5513 -171.5831 -136.1079 -318.2763 1.4772 -39.2766 -17.2291 68.8714 -5.0595 5.1355 6.9101 -4.0831 110.0749 118.1593 26.6332 -135.6500 63.7942 11.7076 -40.0993 5.1522 0.8698 17.1631 -27.2127 84.5031 -33.5898 -39.6521 10.6351 -42.5573 -39.6481 -24.7949 -49.3202 -59.3479 -18.7331 -316.4593 -108.7769 4.9956 -20.0161 -15.5562 7.8598 -10.2479 106.6031 3.2106 -104.7116 -22.2423 -56.5711 -27.7526 -89.7105 -40.5156 -38.9045 -14.2465 -47.9786 -41.1522 -7.8751 33.6677 -15.3895 -52.0947 4.4934 6.6978 -53.0172 3.3644 -34.2557 -295.5443 -217.3500 35.5633 -59.4631 1.0641 -9.4969 -7.1602 88.6026 -57.9953 -63.1638 62.1674 -18.0928 -32.3728 -73.7761 -58.3433 17.8144 -11.9067 -30.6795 17.1009 -40.5440 -78.4930 -25.2110 -53.7711 -31.1748 -29.6773 -39.3179 -33.2965 29.2925 -133.0703 -115.5083 -74.3593 -22.8790 8.4362 7.5222 -11.3227 80.4424 -97.0784 -38.0462 -44.9484 -22.5707 44.9230 -17.7185 -37.8036 -55.5072 -16.4065 42.9543 -50.5036 13.6460 -17.2799 20.4154 -1.9067 -16.5041 -14.2646 6.8518 80.6008 -41.9059 -121.8198 -67.0348 -67.0463 -125.8193 -33.6090 7.2746 -31.3398 -33.7505 -163.4689 -94.0642 -74.5002 -24.5246 1.4622 -37.0808 -63.4851 5.8895 -23.8381 -26.6620 9.3711 -4.8530 29.1303 -50.8728 31.2882 -49.5028 30.9395 -22.3868 -59.6082 -152.7398 -66.2888 -77.8385 -68.6382 -45.3605 -31.0660 -0.8392 -94.3076 5.1222 67.2024 -39.5812 -54.3760 14.7476 33.5504 -21.5967 -68.2744 -10.8413 -15.7659 -33.0600 17.8468 4.3014 34.1111 -6.0253 -20.8090 -28.8303 -53.6258 6.6015 13.7016 -114.2109 -74.4876 48.0387 -158.5971 224.6893 -30.4981 4.6935 -64.6980 -2.0297 105.1080 12.5886 -4.1310 -75.8359 13.9354 21.0050 -46.8250 68.5690 -21.0723 -9.8471 15.0923 89.6768 87.5526 -6.3665 -15.5669 -52.8707 -45.0112 -78.1810 -113.5965 -57.9650 -23.0088 -69.1809 -117.4438 89.3273 156.5041 2.2275 -153.1862 -130.4897 2.0597 -4.4821 30.9893 -17.7905 48.5326 -59.4259 -95.0601 -30.1405 -15.2959 -20.1195 29.9304 36.5931 60.3889 40.9297 -6.6869 -1.5952 -24.7740 -47.6958 -32.0026 -54.4402 -49.2894 -68.0586 -72.2530 -128.5801 -112.4905 -4.3559 9.3091 -8.7461 -140.9699 45.5367 47.5071 -61.8999 18.8081 23.4336 17.4571 7.3080 -76.3114 40.4857 2.6262 32.1692 3.7935 17.4928 -34.2390 1.6760 -89.5327 0.9313 -25.9473 -45.2185 -39.3608 222.6485 -28.1790 -72.0944 -151.0367 96.9873 -6.0819 0.4014 14.3158 86.1438 88.6379 -32.2150 -65.5983 -17.0506 -61.0520 -70.7305 -20.0110 6.6957 19.9289 9.2198 -8.4433 5.5276 10.7715 50.9343 -39.2841 -90.6864 -24.5268 44.9132 -139.3462 4.2717 84.9536 119.4310 29.3734 -8.0834 -9.1809 180.0007 71.9113 84.1898 -59.9994 -51.6847 -47.3980 -58.4420 -12.4311 49.0146 -34.3903 -23.1625 -41.2465 37.0274 -13.1399 15.6141 -19.3854 57.5381 -59.1678 -101.2490 -33.6983 58.5973 95.0648 55.3764 20.5280 306.6201 139.4833 6.2984 3.9293 164.4160 35.9259 32.1388 -146.9749 -152.6091 -40.0011 -27.6489 6.2954 -10.7411 -36.3247 40.2017 18.3512 -1.5114 -37.3977 28.3198 -9.4491 -38.3963 -112.2242 -7.8420 61.9710 -19.2705 20.6586 0.0183 20.2212 78.6567 8.0753 -9.9544 -19.7350 136.3536 -112.3185 53.5115 -107.4052 6.6723 47.3122 -71.7025 76.0369 -19.0317 12.9363 -16.3969 7.5543 35.0494 0.6680 28.9592 -15.0106 -102.4821 -64.5782 -5.5924 33.3529 28.2313 100.1335 105.2302 87.9398 32.8967 48.4396 -8.8217 -33.7486 -24.3827 -83.5876 -37.1367 77.6769 11.1065 -46.5341 -70.5845 -31.7794 22.0555 0.5925 7.1374 32.9023 71.7724 1.2958 -7.9163 -60.7174 -47.1782 40.6743 38.7633 50.3538 -16.3172 -19.6620 58.8492 149.6821 -76.4423 236.7329 -66.3335 -18.3269 -69.1601 -120.8798 -110.4318 -28.3135 -7.6118 -18.9593 66.5104 48.9722 2.9823 -20.1284 7.4235 11.2319 20.0504 -4.8496 -12.3822 -7.5381 45.5369 -21.7135 -12.8536 41.1385 37.0940 -83.4996 14.9430 -72.2755 -141.7580 57.3501 5.2837 -3.2656 70.3018 -4.2894 -18.0324 10.7167 25.7741 39.0616 1.2192 17.8207 15.9418 11.2404 43.6051 47.0633 -10.0916 27.1458 1.6407 -16.5467 0.8346 8.5214 -9.4070 17.4608 41.8149 38.6119 79.6984 43.0321 194.7682 -41.7288 -9.9267 0.2856 28.6414 12.1772 7.2825 -59.2225 -51.5835 -11.7407 8.2826 -12.8896 -13.6725 49.2685 44.1282 9.2758 38.6564 -7.7509 28.3879 -7.8583 -2.1548 22.4584 -8.2078 29.3071 47.6656 0.6913 155.0867 5.9358 30.7881 31.1884 0.2894 -4.3734 135.3887 -22.0847 -23.6677 -6.0353 58.8966 39.3575 -25.1487 5.7468 64.0292 10.2345 11.2652 -18.0532 -0.6683 23.5784 29.6899 -77.8949 59.5225 5.5239 -6.0557 -29.4536 -11.4300 -8.8001 65.2267 17.9408 -20.9402 8.3308 3.0165 4.7155 24.3041 0.4096 -31.4462 -127.7491 29.4495 -3.1461 -45.6798 -23.5828 8.8724 -35.2043 -20.4665 -19.4091 -14.1536 -24.1759 42.7442 19.3292 10.8378 96.6011 64.3063 105.1852 -15.2632 60.3054 67.3976 90.2650 -37.3893 -2.8397 0.2516 6.5830 -6.3993 1.6638 -46.9862 -50.8365 -56.3662 16.3440 3.3474 19.7788 -16.0944 -8.8759 22.3834 -31.0988 -32.3436 -19.9189 -11.3506 62.7207 -27.2724 -24.1656 -55.3085 21.6812 14.3172 -68.4723 48.7847 43.8806 92.1494 -9.0361 2.2318 5.5003 -3.5833 -10.3313 -73.9462 -108.3180 -9.9708 -10.5862 -104.0196 -50.3056 22.5211 -10.5653 -23.6005 -84.8152 -0.3062 13.6258 -90.3307 73.1840 -46.0470 25.5862 29.4979 142.2512 -32.1592 62.6444 77.9797 -10.3200 -67.3332 -8.6213 7.1182 -2.8933 10.1372 -1.5051 -1.4153 -2.1365 -19.6407 -188.5370 -193.3883 -88.3199 -166.7430 -192.6117 -66.5816 -88.8679 -25.3116 -104.1422 -148.7018 -220.3483 -49.9679 12.2961 7.1925 -60.0007 -34.4053 -3.6579 16.0101 22.6527 9.3010 7.4560 8.1920 -7.3734 -3.8412 4.3998 4.7028 -1.8728 -14.1718 -12.9513 -99.5614 -200.6024 -31.7813 -14.4652 -221.6735 -196.3357 -320.4068 -393.3723 -22.0707 60.6562 4.9562 48.2660 -12.1397 -173.1414 -23.3448 -8.0091 6.0965 -3.9021 -6.1195 6.3253 7.2735 -2.8983 -4.3787 1.9862 9.7958 2.6289 -9.9713 5.0678 -3.0462 3.4777 -20.1093 -16.5687 2.7627 -16.1347 -14.9340 2.7089 0.9273 -28.4463 -46.8649 -41.4250 -29.2912 -16.3653 21.5606 5.5306 -4.1013 2.7784 -6.4572 3.6926
Neuron 13 maps on to neuron 12 with error 8.468812728999223e-05 ratio -0.0905755081162401
Bias check [0.00757882]
Neuron 14 maps on to neuron 4 with error 3.6823142782349896e-06 ratio -1.0994907702328771
Bias check [0.00095144]
Neuron 15 maps on to neuron 0 with error 1.942565924742808e-06 ratio -2.676185892940866
Bias check [0.00162173]
Real:  [array([[-0.01779517,  0.03426553, -0.04158262, ...,  0.00832651,
         0.05106811, -0.03184203],
       [ 0.08126354,  0.01082136, -0.02441452, ...,  0.08088638,
         0.06797282, -0.06474727],
       [-0.07544782, -0.04578745, -0.02212933, ..., -0.02947148,
         0.05603979, -0.00603063],
       ...,
       [ 0.03394139,  0.02753608,  0.06529908, ...,  0.02313428,
        -0.05128069, -0.04088998],
       [-0.03790616, -0.03095081,  0.01491557, ..., -0.05376559,
         0.00037701, -0.01808104],
       [ 0.00694463,  0.0607007 ,  0.01881662, ...,  0.0307461 ,
        -0.01437613, -0.00292456]]), array([ 0.01746199,  1.1601414 ,  0.22484151,  0.25823456,  1.30971984,
        1.15922505,  0.3116958 ,  0.27451355,  1.04130445, -0.23573735,
        0.46012578,  0.68072474, -0.01968746, -0.37341418,  0.26420092,
       -0.03069275])]
Corrected:  [[ 0.01779596  0.03426534 -0.04158271 ... -0.00791705 -0.05106851
   0.03184348]
 [-0.08126134  0.01081293 -0.02442272 ...  0.05005174 -0.06796582
   0.0647469 ]
 [ 0.07544772 -0.0457873  -0.02212799 ... -0.01662841 -0.05603942
   0.00602931]
 ...
 [-0.03394089  0.0275374   0.06529171 ...  0.02625853  0.05128129
   0.04088866]
 [ 0.03790569 -0.03095095  0.01491485 ... -0.00813772 -0.00037718
   0.01808306]
 [-0.00694382  0.0607026   0.01881945 ...  0.02007176  0.01437601
   0.00292363]] [[-0.01584026]
 [ 1.15504781]
 [ 0.19974239]
 [ 0.25474816]
 [-1.30876839]
 [ 0.37200653]
 [-0.30733586]
 [ 0.27584278]
 [ 1.0368007 ]
 [ 0.23230923]
 [ 0.48430716]
 [-0.67842487]
 [ 0.02726628]
 [ 0.78835197]
 [-0.25533774]
 [ 0.02864117]]
Original Neuron 0 maps on to recovered neuron 15
ERROR LAYER EXTRACTED INCORRECTLY
Original Neuron 1 maps on to recovered neuron 5
ERROR LAYER EXTRACTED INCORRECTLY
Original Neuron 2 maps on to recovered neuron 9
ERROR LAYER EXTRACTED INCORRECTLY
Original Neuron 3 maps on to recovered neuron 8
ERROR LAYER EXTRACTED INCORRECTLY
Original Neuron 4 maps on to recovered neuron 14
ERROR LAYER EXTRACTED INCORRECTLY
Original Neuron 5 maps on to recovered neuron 1
ERROR LAYER EXTRACTED INCORRECTLY
Original Neuron 6 maps on to recovered neuron 3
ERROR LAYER EXTRACTED INCORRECTLY
Original Neuron 7 maps on to recovered neuron 4
ERROR LAYER EXTRACTED INCORRECTLY
Original Neuron 8 maps on to recovered neuron 7
ERROR LAYER EXTRACTED INCORRECTLY
Original Neuron 9 maps on to recovered neuron 10
ERROR LAYER EXTRACTED INCORRECTLY
Original Neuron 10 maps on to recovered neuron 2
ERROR LAYER EXTRACTED INCORRECTLY
Original Neuron 11 maps on to recovered neuron 11
ERROR LAYER EXTRACTED INCORRECTLY
Original Neuron 12 maps on to recovered neuron 13
ERROR LAYER EXTRACTED INCORRECTLY
Original Neuron 13 maps on to recovered neuron 12
ERROR LAYER EXTRACTED INCORRECTLY
Original Neuron 14 maps on to recovered neuron 0
ERROR LAYER EXTRACTED INCORRECTLY
Original Neuron 15 maps on to recovered neuron 6
ERROR LAYER EXTRACTED INCORRECTLY
