
Check the solution of the last weight matrix.
Neuron 0 maps on to neuron 3 with error 3.151466779857164e-06 ratio -0.21728026868758593
Bias check [0.00119599]
Neuron 1 maps on to neuron 8 with error 4.364920707099087e-06 ratio -0.1839487343191632
Bias check [-0.00053961]
Neuron 2 maps on to neuron 5 with error 2.082989611244975e-06 ratio -0.18164748081874615
Bias check [-5.35332903e-05]
Neuron 3 maps on to neuron 9 with error 1.7293282920485134e-06 ratio 0.1659317995277782
Bias check [0.00043838]
Neuron 4 maps on to neuron 4 with error 2.4247888306039137e-06 ratio 0.26122138239021464
Bias check [-9.60926866e-05]
Neuron 5 maps on to neuron 2 with error 7.523293042025113e-06 ratio -0.21422413927766504
Bias check [-0.00033671]
Neuron 6 maps on to neuron 1 with error 8.704246081357039e-07 ratio -0.249418368777777
Bias check [-5.47118974e-05]
Neuron 7 maps on to neuron 6 with error 5.945620712872488e-07 ratio -0.15411862726220799
Bias check [6.87732323e-05]
Neuron 8 maps on to neuron 0 with error 6.388570727635885e-07 ratio 0.17513265843203896
Bias check [5.46673541e-05]
Neuron 9 maps on to neuron 7 with error 2.1579155446544128e-06 ratio 0.2502536866001871
Bias check [-0.00020944]
Real:  [array([[-2.35231719e-02,  1.33633317e-01, -7.03469938e-02,
        -1.26113321e-01, -2.24959231e-02, -1.70883872e-01,
        -1.00834350e-01, -8.73293577e-02, -1.92584843e-01,
         2.20963406e-01],
       [-1.09388781e-01,  9.29401451e-02, -1.97552662e-01,
        -1.46421905e-01, -2.23842320e-01, -1.10134180e-01,
        -8.14335562e-02,  5.95932683e-02,  2.03762643e-01,
        -1.93538883e-01],
       [-4.99208108e-02, -2.05202564e-01, -2.49676294e-01,
        -1.77587553e-01, -1.18039188e-01, -2.43608899e-03,
         1.85766016e-01, -1.07116978e-01,  2.13418675e-01,
        -1.52251730e-01],
       [-1.89172908e-01,  6.31807966e-02,  2.69783806e-01,
         2.48499926e-02,  2.09018979e-01, -1.99657016e-01,
         7.88219804e-02,  1.74748153e-01, -2.18058418e-01,
         6.39679291e-02],
       [-2.64727223e-02, -2.34114490e-02,  5.39015959e-02,
         2.11761659e-01, -8.83736817e-03, -7.49991097e-02,
        -1.90402872e-01, -1.13660501e-01,  9.34140725e-02,
         5.12492891e-02],
       [ 1.74532210e-01, -1.13595424e-01,  1.42257068e-01,
        -1.35318891e-01,  1.33982384e-01,  1.15427137e-01,
         1.52549897e-01,  2.50253899e-01,  2.46759156e-01,
        -1.98295237e-01],
       [ 9.93375982e-02, -1.37129474e-01,  1.42153540e-01,
        -2.17280332e-01,  2.13693844e-01,  1.97048191e-01,
         7.74572232e-02,  2.06320121e-01,  1.88143540e-01,
         2.52152622e-01],
       [-1.92855530e-01, -4.37853777e-02, -1.70110728e-01,
         1.05609974e-01, -1.06248690e-01,  2.36132701e-02,
         1.58667046e-01,  1.22050434e-01,  1.88708005e-01,
        -4.66453185e-02],
       [-2.45903273e-01, -4.70207494e-02, -2.26410459e-01,
        -1.22248096e-01, -2.03996870e-01,  1.03824592e-01,
         1.89508946e-01, -4.32593931e-02, -6.26539975e-02,
         1.95149472e-01],
       [ 1.16280781e-02,  1.09182255e-01,  6.41133021e-02,
        -2.15258007e-01,  1.70304384e-02,  2.14054427e-01,
        -1.04322126e-01,  1.69445335e-01,  7.73184548e-02,
        -2.65066126e-02],
       [ 1.42671122e-01, -6.95580316e-02,  1.28889425e-01,
         1.94069868e-01, -3.65433981e-02, -6.95274953e-02,
         2.00020738e-01, -2.23446655e-01,  1.22267253e-02,
        -2.22945223e-02],
       [-1.15347265e-01,  1.64991071e-01,  1.93240784e-01,
        -1.14268990e-01,  2.36231808e-01,  1.64809742e-01,
        -9.69154227e-02, -2.25912457e-01,  3.53870588e-02,
        -1.79133887e-01],
       [ 1.77322052e-01,  2.19111447e-01,  1.29571927e-01,
         9.05034578e-02, -5.97635671e-02,  9.08358287e-02,
        -1.56092912e-01, -1.04284031e-01, -5.12928200e-02,
         1.14930303e-01],
       [-6.18357259e-03, -1.48429836e-01,  2.53294965e-02,
         1.82861078e-01, -9.14244251e-02, -1.36226230e-01,
         1.92594100e-01, -1.45028413e-01,  3.76665458e-02,
         1.65931633e-01],
       [-9.65756514e-02,  1.92839279e-01, -9.75444232e-02,
        -1.44054185e-01, -1.96560323e-01,  1.03204904e-01,
         1.28685014e-01,  2.28169666e-01, -6.69511801e-02,
        -1.09038335e-01],
       [-1.64733560e-01, -2.52284518e-02,  2.54599641e-01,
        -2.70465019e-03,  3.27785372e-02,  1.69330860e-01,
        -3.20276401e-02,  1.51452672e-02,  1.84538907e-01,
        -8.37749283e-02],
       [-1.54128911e-01, -2.24994551e-01, -1.78974194e-01,
        -1.39196491e-01,  2.69464098e-01,  7.13115342e-02,
         6.35134156e-04,  9.41369265e-02, -9.97375637e-02,
         5.05272782e-02],
       [-1.41921460e-01, -1.36093361e-01, -8.11512944e-03,
        -1.47003520e-01, -3.59819207e-02,  1.03123164e-01,
         1.26905052e-01, -1.39309798e-01, -1.39127872e-01,
         9.02780502e-02],
       [-1.54410065e-01, -1.33936407e-02, -1.46062118e-01,
        -5.88204295e-02,  2.42999429e-01, -4.88008603e-02,
        -1.76493241e-01, -8.53368475e-02,  9.87998260e-02,
        -1.03879759e-01],
       [-1.20940861e-02, -2.21091973e-01,  2.46013663e-01,
         2.26947407e-01,  2.02365984e-01,  1.76091915e-01,
         1.27971566e-01, -2.23977334e-01,  4.15894168e-03,
         2.35893702e-01],
       [-3.93008502e-02, -2.83198077e-02,  1.67952269e-01,
         9.15011113e-03,  9.76609582e-02, -8.27297858e-02,
         2.71806210e-01,  1.60989994e-01, -2.58183542e-01,
        -1.34049664e-01],
       [-2.41809600e-01, -1.49097284e-01, -2.00763060e-01,
         1.56589952e-01, -2.24687177e-02,  2.31342873e-02,
        -1.90501192e-02, -5.94157414e-02, -4.78460990e-02,
        -6.94189331e-02],
       [ 5.49700792e-02,  1.66196416e-01,  1.51630871e-01,
         2.14862381e-01,  5.36714848e-02, -2.24240373e-01,
        -6.40226183e-02, -2.46330168e-02,  1.68333416e-01,
         1.01209276e-01],
       [ 1.75217594e-01,  2.02869424e-01,  2.48129304e-02,
         4.99178259e-02,  1.93596100e-01,  1.66441476e-01,
         1.53595341e-01,  1.59583366e-02, -1.43290061e-01,
        -2.29831362e-02],
       [-5.90753317e-02, -6.65804148e-02, -2.12668566e-01,
         1.57970512e-01,  7.56887012e-02, -4.13178080e-02,
         2.20171922e-01,  4.16042459e-02, -1.01936608e-02,
        -2.32996314e-01],
       [ 1.75132690e-01, -1.88009681e-01, -6.20334140e-02,
         7.45767754e-02,  1.08875476e-01,  1.49641884e-01,
        -1.05722502e-01,  2.29017128e-02, -5.19923904e-02,
         8.08346390e-02],
       [ 4.86123391e-02, -2.29285277e-01,  1.86655163e-01,
        -6.82933749e-02,  2.28346307e-01,  9.78175408e-02,
        -1.67501943e-01,  9.04388390e-02,  3.60742205e-02,
         9.44253530e-02],
       [ 2.05075606e-01,  3.85537228e-02,  2.32042317e-01,
        -1.53471355e-01,  1.08295228e-02, -6.27088334e-02,
         1.48191155e-01, -1.81072083e-01, -2.50282047e-01,
         2.24221571e-01],
       [ 9.20674250e-02,  8.51675753e-02,  2.67230229e-01,
         1.40655766e-01,  8.40620476e-02, -1.03755678e-01,
        -1.72404111e-01, -1.81584871e-02, -8.03917255e-02,
        -1.91722567e-01],
       [ 3.16654733e-03,  1.41905772e-01, -2.24647989e-01,
         5.97391555e-02,  1.86472636e-02, -1.33956626e-01,
        -2.01280343e-01, -1.11164853e-02, -7.51378384e-02,
        -3.60386556e-02],
       [ 1.96943974e-01,  1.19783109e-01,  9.39746860e-02,
         1.67902005e-01,  9.93675162e-02,  1.22425204e-01,
        -6.24680137e-02,  1.64244354e-01,  1.81258112e-01,
         1.56894115e-01],
       [ 1.16536063e-01,  4.07426808e-02, -8.94761285e-02,
         4.16368664e-02,  2.51597382e-02,  1.61320510e-02,
        -2.40382196e-02,  1.21089880e-01,  1.63403065e-01,
         1.48446694e-02],
       [-8.82755331e-02,  5.14407489e-02, -2.06656575e-01,
        -5.12770710e-02,  1.12932948e-01,  1.45786090e-01,
        -1.95129637e-01,  2.05540551e-01, -3.62543922e-02,
        -1.66583482e-01],
       [ 7.07579574e-02,  1.23126023e-01,  1.20573002e-01,
        -2.60888212e-01, -1.08847322e-02, -1.07426221e-01,
         1.32397630e-02,  2.08699824e-01,  2.60271782e-03,
        -2.54657451e-01],
       [-6.25109882e-02, -1.07116428e-01,  9.85807794e-02,
         1.24056657e-01,  1.29027656e-01,  2.52558283e-01,
         1.68666089e-01,  1.15270812e-01,  9.97999112e-02,
         2.97914790e-02],
       [-1.27674407e-01,  1.46797725e-01,  8.51677640e-02,
         1.22654422e-01,  1.45155064e-01,  1.83882479e-01,
         3.01468818e-02, -9.78135138e-02,  1.75606356e-01,
         1.14629641e-01],
       [-1.33724657e-01, -2.21483176e-01, -1.19843136e-01,
        -7.19416938e-02,  6.89989620e-03, -1.45413351e-01,
        -2.53212233e-02,  5.82741277e-03, -7.96980863e-02,
        -7.77818131e-02],
       [ 4.38892183e-02,  1.67109136e-01,  1.06976846e-01,
         2.51661442e-01, -6.26477201e-02,  2.54443119e-02,
         1.18905008e-01,  5.95616511e-02, -8.45950184e-02,
         6.18490398e-02],
       [-2.28120645e-01,  1.30202655e-01,  2.32394303e-02,
         1.49173222e-01,  6.66194851e-02, -3.00422131e-02,
         7.20381281e-02, -2.96728912e-02,  1.09671154e-01,
        -1.55954010e-01],
       [ 1.62216937e-01, -2.30465806e-01, -1.86825398e-01,
        -1.22354755e-01,  2.25081269e-01,  1.54721143e-01,
         4.79620937e-02,  4.74878428e-02, -4.57457772e-03,
        -1.80525066e-01],
       [-9.15208023e-02, -2.00622563e-01, -1.10624140e-01,
        -3.89472593e-02,  1.22505480e-01, -5.59026049e-02,
        -1.65875663e-01, -1.25890737e-02,  1.66745319e-01,
        -1.75553290e-01],
       [ 1.51681202e-01,  8.25225915e-02, -1.67539312e-01,
        -1.20603500e-02,  3.33052933e-02, -8.91957689e-02,
         1.47434949e-01,  1.82071628e-01, -9.58515901e-02,
         6.91142311e-02],
       [-1.40271747e-01,  5.53563144e-02, -2.17433321e-01,
        -9.79653433e-02, -6.48923563e-02,  4.20939653e-02,
        -1.89493690e-01, -4.17585496e-02,  1.07323207e-01,
         1.40125014e-01],
       [ 8.51371744e-02, -1.33831110e-01,  2.28384924e-01,
         1.77598317e-01, -2.28609780e-01,  1.36383134e-01,
        -9.88355049e-02, -1.08546162e-02, -9.06493331e-03,
         1.84921932e-01],
       [-3.30278816e-02,  1.76013291e-01,  1.16394320e-01,
        -6.32010473e-02, -2.41740844e-01,  1.22388454e-01,
         4.86079291e-02,  1.52681160e-01,  2.29042487e-01,
        -1.11570412e-02],
       [ 5.09653621e-02,  7.19000915e-02,  4.43387320e-02,
         1.32132343e-01,  2.43730060e-01, -2.45222068e-01,
         8.58204546e-02,  2.09271748e-01,  1.07013106e-01,
         1.37753846e-01],
       [-1.38908468e-01, -5.17114411e-02,  2.62384040e-01,
         2.12509277e-01,  6.76907308e-02,  1.04885705e-01,
         3.00248742e-03, -5.88172382e-02, -4.35929362e-02,
         1.86713434e-01],
       [ 1.69592792e-01, -1.95197646e-01,  4.48422009e-02,
         2.59744480e-01, -2.90317468e-01,  4.66876117e-02,
         1.29148810e-01,  8.31276259e-02,  1.63979107e-01,
        -1.47339875e-01],
       [-4.41360027e-02,  9.73064491e-02, -1.88572308e-01,
        -1.98621610e-01,  2.61221494e-01, -7.17969996e-02,
         1.22976099e-01, -1.06396539e-01,  1.80434202e-01,
        -1.60260057e-01],
       [ 1.45546072e-01, -1.86847674e-01,  7.77045075e-02,
        -1.45996446e-01,  2.28907431e-01, -1.16801858e-03,
        -1.92947032e-01, -1.49722607e-01, -1.63670462e-01,
         7.22170304e-02],
       [ 1.32132325e-01,  1.64443826e-01,  8.55232292e-02,
         2.47108492e-01, -1.39132269e-01,  7.22463301e-02,
        -2.73152885e-01,  2.05529172e-01, -8.72740383e-02,
         1.00336863e-01],
       [ 7.30656618e-02,  1.39760200e-01, -1.66387946e-01,
         4.89428448e-02,  1.48523122e-01,  1.78799973e-01,
        -2.38460167e-01,  4.37280654e-02, -1.34390869e-01,
         9.41059037e-02],
       [-1.62903044e-01,  1.47183089e-01,  2.08050203e-01,
         1.80707153e-02,  5.02557933e-02, -4.54868031e-02,
         1.96119726e-02,  3.01329304e-02, -1.60406847e-01,
        -1.75329261e-02],
       [ 9.48434386e-04, -4.51873814e-03,  3.32000817e-02,
         1.64702592e-01, -1.73861226e-01,  1.97364614e-02,
        -1.54118564e-01,  4.05821346e-02, -1.16507561e-01,
         1.26503330e-02],
       [-1.13089580e-02, -6.11831166e-02, -7.31578879e-02,
         1.80689330e-01,  7.71525325e-02, -2.56740920e-01,
        -9.70252074e-02, -2.78496890e-02, -5.42849320e-03,
         1.74464340e-01],
       [ 1.56349392e-01,  2.06765421e-02, -1.50843031e-01,
         1.67295622e-01, -2.08990068e-01, -2.62314196e-01,
        -2.35301431e-01, -3.30209441e-02,  1.98364888e-01,
         7.97042748e-03],
       [-1.22100613e-01,  1.94017734e-02, -1.62871369e-01,
         1.70177535e-01,  5.81088547e-02, -1.00595500e-01,
         1.25696087e-01,  1.96303554e-01,  1.89159513e-01,
         1.64972039e-01],
       [ 7.50921745e-03,  1.21787516e-01,  1.24250523e-01,
        -5.43854594e-02,  1.14693071e-01, -1.89102263e-01,
         2.42413140e-01,  1.49956919e-01, -1.42397791e-01,
        -4.03639314e-02],
       [-1.93410709e-01,  2.28014279e-01,  9.28404511e-02,
         9.49633556e-02,  4.61873992e-02, -2.62894314e-01,
         2.79313221e-04, -1.48983288e-02,  1.69818792e-01,
        -4.93135258e-02],
       [-2.44054660e-01, -6.92380362e-02, -2.10494530e-02,
         7.37207448e-02, -6.46048835e-02,  8.95456735e-02,
        -3.92751402e-02, -2.06957146e-01, -2.34838849e-02,
         2.50217770e-01],
       [ 6.17269129e-02, -3.09165379e-02,  7.70068955e-02,
        -9.45384254e-02, -4.17024010e-02, -3.32984395e-03,
         1.67352879e-01, -2.06573640e-01,  7.89785965e-02,
         9.50962301e-03],
       [ 2.34379116e-01, -8.00586156e-02,  1.83834049e-01,
         1.81558207e-01,  7.24024292e-02, -1.51985275e-01,
        -8.98678961e-03, -1.21043015e-01, -9.40022883e-03,
        -9.13112023e-04],
       [-2.66910140e-02, -1.28702043e-01,  8.43573996e-02,
        -1.63488176e-01, -7.55729622e-02,  1.39878089e-01,
        -1.77192617e-01,  1.11147038e-02, -5.62171307e-02,
         1.22448371e-01],
       [ 1.08350398e-02,  1.23635277e-01, -1.15465606e-02,
         7.52250058e-02, -2.35273417e-01,  6.33851905e-02,
        -2.73856677e-01,  1.73502373e-01, -1.70177978e-01,
        -1.71135814e-01],
       [-6.29698863e-02, -1.30816734e-01,  1.11944911e-01,
        -4.00946290e-03, -1.11056132e-01, -7.45100300e-02,
         1.80212854e-01, -5.26638199e-02,  3.43925738e-02,
         1.20264834e-01],
       [-7.19569764e-02,  1.38573601e-01,  1.98245887e-01,
        -3.09728590e-02, -3.60102348e-02, -9.92189098e-03,
         5.06112651e-02, -8.96724398e-02, -8.23500615e-02,
        -1.66531435e-01],
       [-1.50907311e-01, -2.01724073e-01,  2.90809230e-02,
        -5.28657026e-02,  1.74893102e-01, -3.43112441e-02,
        -1.61313578e-01, -2.07062191e-01, -1.90824170e-02,
         2.31974606e-01],
       [ 7.57345035e-02,  1.85099213e-01, -1.75370613e-01,
        -2.13267636e-01,  1.47186582e-01, -7.81590535e-02,
         1.69527413e-01,  2.33635631e-01, -1.67498870e-01,
         2.25933096e-01],
       [-2.69814789e-01, -1.69497623e-01,  1.22322158e-01,
         1.21156366e-02, -2.46952693e-01, -2.56766072e-01,
         4.62340549e-04,  9.02990333e-02, -1.16706817e-01,
        -2.78935354e-01],
       [-3.99747305e-02,  4.18757496e-02, -5.33143320e-02,
         5.41345584e-02, -7.48429644e-02, -9.18310778e-02,
         2.91458821e-02,  2.24218522e-01, -1.93718640e-01,
         1.32208862e-01],
       [ 1.57452855e-01, -2.49418327e-01, -1.14588186e-01,
         2.05753537e-01, -1.64826575e-01, -1.79748703e-01,
         1.01946549e-01,  2.34198595e-01,  1.27608093e-01,
         7.38547543e-04],
       [ 1.44319850e-01,  1.10237773e-01,  1.69430501e-01,
         9.23118913e-02,  1.47243295e-01,  2.26622210e-01,
         1.26827067e-01, -1.30717073e-01, -1.79739710e-01,
        -2.20494203e-01],
       [ 6.65439541e-02,  9.41553154e-02, -1.40271519e-01,
        -7.25992553e-02,  9.29831243e-02,  7.72757007e-02,
         1.94140135e-01, -2.32845250e-01, -1.83949077e-01,
        -6.28427524e-02],
       [-1.92231216e-01,  1.33494934e-01, -3.16853463e-02,
        -1.20290306e-01,  2.23049473e-02, -1.61644711e-02,
         1.80834848e-02,  7.38243254e-04, -1.20058250e-01,
        -2.16073104e-01],
       [ 9.45632811e-02, -1.73156742e-01,  1.24045376e-01,
        -8.70114346e-02,  3.36706229e-02,  1.06901847e-01,
        -1.53075673e-01,  2.08448032e-01, -1.89741469e-01,
        -4.31220494e-02],
       [ 1.33133720e-01, -2.50507810e-01, -2.24114319e-01,
         1.05924718e-01, -8.22194253e-03,  1.01625208e-01,
        -9.31356458e-02,  1.56183664e-01,  1.47432070e-01,
        -2.26588227e-01],
       [ 8.20913433e-02,  1.40707693e-01, -1.26420026e-01,
        -2.15908765e-01,  2.10557077e-02,  6.46646224e-02,
        -1.62992583e-01,  3.23804883e-02, -1.44065502e-01,
        -1.16950261e-01],
       [-1.42903854e-01,  7.36691028e-02,  1.39448490e-01,
        -1.80709528e-01,  1.37128176e-01, -1.36870558e-01,
         1.68311632e-01, -1.13950184e-01, -1.15036837e-01,
        -1.86552611e-01],
       [-2.42191100e-01, -4.32968994e-02, -1.13011115e-01,
        -1.32961138e-01, -5.26518735e-02, -6.69812162e-03,
         4.05740028e-02,  3.50557273e-02,  1.88221083e-01,
        -1.75215493e-01],
       [ 6.71068571e-02,  1.63568268e-01,  8.78142894e-02,
         1.36076282e-01,  8.82616901e-02,  1.93550895e-01,
        -5.56006267e-02,  1.17693998e-01,  2.95146300e-02,
         1.74803927e-01],
       [ 6.58750897e-02,  1.38043166e-01, -4.42327190e-02,
         2.99098477e-01,  1.61384520e-01, -9.49101689e-03,
         1.99949043e-01,  6.96420405e-02, -2.19152128e-01,
        -1.37145863e-01],
       [-2.69573372e-02,  2.25767942e-01, -1.68436629e-01,
        -5.30010278e-04, -1.51841358e-02, -1.81647767e-01,
        -2.25904477e-01, -9.82404669e-02,  1.38500863e-01,
         6.80707202e-02],
       [-6.43113274e-02,  1.60427283e-01, -3.68936403e-02,
         2.30828741e-02,  1.69069789e-02,  2.54430741e-01,
         1.62131580e-01,  1.71722315e-01, -2.29012621e-01,
        -2.10577789e-01],
       [ 3.55610430e-02, -6.92117877e-02,  5.26718057e-02,
         2.79502130e-02, -4.27687475e-02,  1.01413349e-01,
         8.46685381e-02,  3.71509982e-02,  1.80713173e-01,
         2.36400163e-01],
       [ 1.29727376e-01, -2.07016585e-01, -1.66244538e-01,
         5.87522339e-02, -7.98618931e-02, -1.09867341e-02,
         2.07771019e-01, -1.23748871e-02, -3.19417678e-02,
         5.60552382e-02],
       [ 1.47045361e-01,  1.52398969e-03, -2.14224263e-01,
        -4.02420743e-02, -1.14410432e-01, -2.33304257e-01,
        -1.19858706e-01, -1.30666118e-01,  1.32516281e-01,
        -1.11899676e-01],
       [ 1.54438610e-01, -2.43474883e-01,  1.19327113e-01,
         9.03513489e-02,  1.40549274e-01, -7.02929040e-02,
        -1.92673508e-01,  7.08478131e-02,  7.48870839e-02,
         6.24375580e-02],
       [ 1.67623882e-01, -2.21285444e-01, -1.18585391e-01,
        -2.15627798e-01, -1.36648611e-01,  1.42462238e-01,
        -1.19301633e-01, -1.71176311e-01,  1.34472595e-01,
        -2.01420418e-01],
       [-4.22094445e-02, -1.12921062e-01,  9.52735615e-02,
        -2.32924436e-01,  9.45236212e-02, -2.62155742e-01,
        -1.49812872e-01,  2.91706555e-02,  5.42680595e-02,
        -8.36709687e-02],
       [ 3.05059487e-02,  5.52734873e-02,  3.89053178e-03,
         2.14611997e-02, -3.32369758e-02, -9.81185089e-03,
        -1.88773595e-01,  1.13540525e-01,  1.21879551e-01,
         1.18832608e-01],
       [ 4.55556351e-02, -1.38516428e-01, -1.22456245e-01,
        -3.32719707e-02, -1.82002805e-01,  2.67682860e-01,
        -2.46477117e-01,  3.99085058e-02,  1.15682252e-01,
         1.29464204e-01],
       [-3.15210660e-02,  3.11079532e-02, -5.20920636e-02,
         2.82070983e-02,  1.03728481e-01, -1.59893979e-01,
        -2.55345103e-01, -1.47081747e-01, -9.53922490e-02,
         9.02444170e-02],
       [-5.27003259e-02,  1.66149030e-01, -1.96320370e-01,
         4.73276666e-02,  1.15708650e-01,  7.77345876e-02,
        -3.92265266e-02, -1.80763448e-01,  1.35161044e-01,
        -6.97314853e-02],
       [ 4.61679387e-02, -1.86044167e-01, -1.83247580e-01,
         2.43841483e-01,  1.09703092e-01,  9.31810902e-02,
        -8.34523077e-02,  1.75792123e-01, -1.47220510e-01,
         2.67870759e-02],
       [ 6.15478185e-02, -1.61799854e-01, -8.88356783e-02,
         2.30929285e-02, -1.56094146e-01, -1.84280822e-01,
        -1.61808387e-01,  1.29028509e-02, -1.72300387e-01,
         2.18124134e-02],
       [-1.23004687e-01, -2.31698317e-01, -1.06237494e-01,
        -3.92968176e-02,  1.41650055e-02,  3.54765938e-02,
        -5.72533422e-02,  2.04072324e-01, -1.38853698e-01,
        -1.57102590e-01],
       [-7.91207346e-03, -6.25886605e-02,  1.63445292e-01,
        -3.86040324e-03, -3.56731431e-02,  2.02540951e-01,
        -1.42428895e-01, -2.16280496e-01,  1.04331855e-01,
        -1.11343521e-01],
       [-1.17218988e-01,  7.71209023e-02, -1.42508873e-01,
         1.46476680e-01,  2.14005625e-01, -2.05215639e-01,
        -5.18206496e-02, -1.00239112e-01, -9.66882140e-02,
        -1.12075997e-01],
       [-2.27701795e-01, -7.28678893e-02,  1.22217047e-01,
        -1.81318636e-02,  2.10400001e-01,  2.52480852e-01,
        -6.35031449e-02, -2.07588320e-01,  1.93569841e-01,
         1.22593453e-01],
       [-7.88561288e-02, -4.89075414e-02,  1.56105301e-01,
        -2.69001464e-02, -1.46713917e-01,  1.17459902e-01,
        -1.59593473e-01, -2.28912587e-01,  1.55094994e-01,
         4.76212271e-02]]), array([-0.05371419, -0.015699  , -0.00379587,  0.03500946,  0.07977962,
        0.0546796 ,  0.08612783, -0.0035272 , -0.05356917,  0.07676798])]
Corrected:  [[-2.35231887e-02 -1.33633158e-01  7.03460349e-02  1.26113779e-01
  -2.24958809e-02  1.70884022e-01  1.00834386e-01 -8.73294395e-02
   1.92584775e-01  2.20963552e-01]
 [-1.09388829e-01 -9.29402010e-02  1.97553012e-01  1.46421558e-01
  -2.23842239e-01  1.10134144e-01  8.14336922e-02  5.95933694e-02
  -2.03763470e-01 -1.93538683e-01]
 [-4.99209237e-02  2.05202545e-01  2.49676027e-01  1.77587735e-01
  -1.18039284e-01  2.43567412e-03 -1.85766059e-01 -1.07116911e-01
  -2.13418427e-01 -1.52251770e-01]
 [-1.89172853e-01 -6.31808971e-02 -2.69784382e-01 -2.48500993e-02
   2.09018839e-01  1.99657678e-01 -7.88219098e-02  1.74748010e-01
   2.18058039e-01  6.39679090e-02]
 [-2.64727534e-02  2.34114584e-02 -5.39017575e-02 -2.11761832e-01
  -8.83645317e-03  7.49999097e-02  1.90402851e-01 -1.13660548e-01
  -9.34142773e-02  5.12495496e-02]
 [ 1.74532296e-01  1.13595505e-01 -1.42257206e-01  1.35319297e-01
   1.33982290e-01 -1.15426950e-01 -1.52549811e-01  2.50253687e-01
  -2.46759863e-01 -1.98295282e-01]
 [ 9.93375805e-02  1.37129418e-01 -1.42154902e-01  2.17280269e-01
   2.13693437e-01 -1.97048410e-01 -7.74572955e-02  2.06320260e-01
  -1.88142672e-01  2.52152886e-01]
 [-1.92855501e-01  4.37852851e-02  1.70110433e-01 -1.05610356e-01
  -1.06248139e-01 -2.36131668e-02 -1.58666782e-01  1.22050910e-01
  -1.88706880e-01 -4.66459024e-02]
 [-2.45903218e-01  4.70208392e-02  2.26411663e-01  1.22248822e-01
  -2.03996729e-01 -1.03824171e-01 -1.89508972e-01 -4.32596246e-02
   6.26542531e-02  1.95149205e-01]
 [ 1.16281222e-02 -1.09182495e-01 -6.41135483e-02  2.15258074e-01
   1.70302470e-02 -2.14054542e-01  1.04322175e-01  1.69444653e-01
  -7.73176016e-02 -2.65069085e-02]
 [ 1.42671227e-01  6.95581705e-02 -1.28887567e-01 -1.94070670e-01
  -3.65434386e-02  6.95271588e-02 -2.00020752e-01 -2.23446544e-01
  -1.22269720e-02 -2.22946986e-02]
 [-1.15347160e-01 -1.64991276e-01 -1.93242799e-01  1.14268832e-01
   2.36231774e-01 -1.64809099e-01  9.69154202e-02 -2.25912396e-01
  -3.53872323e-02 -1.79133760e-01]
 [ 1.77322025e-01 -2.19111329e-01 -1.29571920e-01 -9.05029694e-02
  -5.97637015e-02 -9.08356440e-02  1.56092932e-01 -1.04284132e-01
   5.12921550e-02  1.14930366e-01]
 [-6.18373670e-03  1.48430024e-01 -2.53286839e-02 -1.82860969e-01
  -9.14248895e-02  1.36226092e-01 -1.92594114e-01 -1.45028886e-01
  -3.76669937e-02  1.65931800e-01]
 [-9.65757327e-02 -1.92839257e-01  9.75449723e-02  1.44054163e-01
  -1.96561372e-01 -1.03204836e-01 -1.28684866e-01  2.28170286e-01
   6.69511386e-02 -1.09038313e-01]
 [-1.64733710e-01  2.52284568e-02 -2.54600538e-01  2.70471419e-03
   3.27789978e-02 -1.69330822e-01  3.20276371e-02  1.51458425e-02
  -1.84539416e-01 -8.37746273e-02]
 [-1.54128942e-01  2.24994541e-01  1.78974465e-01  1.39196675e-01
   2.69463932e-01 -7.13117603e-02 -6.35150714e-04  9.41370535e-02
   9.97371646e-02  5.05271605e-02]
 [-1.41921333e-01  1.36093374e-01  8.11121299e-03  1.47004033e-01
  -3.59820223e-02 -1.03123417e-01 -1.26905090e-01 -1.39309811e-01
   1.39128033e-01  9.02783112e-02]
 [-1.54410100e-01  1.33934481e-02  1.46063332e-01  5.88201396e-02
   2.42999187e-01  4.88006346e-02  1.76493310e-01 -8.53365525e-02
  -9.88002331e-02 -1.03879444e-01]
 [-1.20941175e-02  2.21091950e-01 -2.46014538e-01 -2.26947565e-01
   2.02365918e-01 -1.76091712e-01 -1.27971440e-01 -2.23976925e-01
  -4.15899130e-03  2.35893894e-01]
 [-3.93009214e-02  2.83197676e-02 -1.67953908e-01 -9.14997495e-03
   9.76610943e-02  8.27298174e-02 -2.71806142e-01  1.60989925e-01
   2.58183082e-01 -1.34049944e-01]
 [-2.41809545e-01  1.49097118e-01  2.00762952e-01 -1.56589471e-01
  -2.24688945e-02 -2.31340896e-02  1.90500865e-02 -5.94156027e-02
   4.78453614e-02 -6.94191438e-02]
 [ 5.49701851e-02 -1.66196202e-01 -1.51629609e-01 -2.14861820e-01
   5.36707175e-02  2.24240285e-01  6.40226105e-02 -2.46330455e-02
  -1.68333697e-01  1.01209368e-01]
 [ 1.75217595e-01 -2.02869384e-01 -2.48128335e-02 -4.99182064e-02
   1.93596487e-01 -1.66441245e-01 -1.53595288e-01  1.59580652e-02
   1.43289617e-01 -2.29831742e-02]
 [-5.90753576e-02  6.65803410e-02  2.12668439e-01 -1.57970213e-01
   7.56888734e-02  4.13177819e-02 -2.20172012e-01  4.16046808e-02
   1.01946065e-02 -2.32996579e-01]
 [ 1.75132658e-01  1.88009558e-01  6.20332991e-02 -7.45763444e-02
   1.08875784e-01 -1.49641788e-01  1.05722507e-01  2.29017915e-02
   5.19918600e-02  8.08348245e-02]
 [ 4.86123688e-02  2.29285276e-01 -1.86654782e-01  6.82939065e-02
   2.28346200e-01 -9.78169608e-02  1.67501936e-01  9.04387158e-02
  -3.60750657e-02  9.44255380e-02]
 [ 2.05075532e-01 -3.85537380e-02 -2.32041970e-01  1.53471379e-01
   1.08292573e-02  6.27086236e-02 -1.48191117e-01 -1.81071705e-01
   2.50281750e-01  2.24221760e-01]
 [ 9.20673964e-02 -8.51675985e-02 -2.67230370e-01 -1.40655869e-01
   8.40621283e-02  1.03756161e-01  1.72404168e-01 -1.81586520e-02
   8.03922242e-02 -1.91722474e-01]
 [ 3.16667550e-03 -1.41905655e-01  2.24647945e-01 -5.97386659e-02
   1.86470586e-02  1.33957510e-01  2.01280227e-01 -1.11165480e-02
   7.51377072e-02 -3.60389871e-02]
 [ 1.96943970e-01 -1.19783167e-01 -9.39747846e-02 -1.67901258e-01
   9.93676133e-02 -1.22425173e-01  6.24680349e-02  1.64244608e-01
  -1.81258034e-01  1.56894059e-01]
 [ 1.16535941e-01 -4.07426503e-02  8.94761835e-02 -4.16367448e-02
   2.51597578e-02 -1.61320894e-02  2.40382634e-02  1.21090190e-01
  -1.63403174e-01  1.48449376e-02]
 [-8.82754226e-02 -5.14409587e-02  2.06656686e-01  5.12768548e-02
   1.12933238e-01 -1.45786498e-01  1.95129711e-01  2.05540247e-01
   3.62548622e-02 -1.66583802e-01]
 [ 7.07578316e-02 -1.23126091e-01 -1.20573056e-01  2.60888118e-01
  -1.08849183e-02  1.07426034e-01 -1.32398681e-02  2.08699577e-01
  -2.60258865e-03 -2.54657780e-01]
 [-6.25110931e-02  1.07116469e-01 -9.85813016e-02 -1.24056315e-01
   1.29027851e-01 -2.52558549e-01 -1.68666102e-01  1.15271001e-01
  -9.97994776e-02  2.97916855e-02]
 [-1.27674392e-01 -1.46797783e-01 -8.51679405e-02 -1.22654296e-01
   1.45154683e-01 -1.83882682e-01 -3.01470385e-02 -9.78135258e-02
  -1.75606462e-01  1.14629641e-01]
 [-1.33724607e-01  2.21482984e-01  1.19845394e-01  7.19423154e-02
   6.89980142e-03  1.45413573e-01  2.53211987e-02  5.82734867e-03
   7.96991099e-02 -7.77820705e-02]
 [ 4.38892064e-02 -1.67109160e-01 -1.06979151e-01 -2.51661313e-01
  -6.26477334e-02 -2.54439158e-02 -1.18905067e-01  5.95612728e-02
   8.45962156e-02  6.18488212e-02]
 [-2.28120533e-01 -1.30202504e-01 -2.32395379e-02 -1.49173431e-01
   6.66195026e-02  3.00415263e-02 -7.20380897e-02 -2.96731150e-02
  -1.09671227e-01 -1.55953997e-01]
 [ 1.62216962e-01  2.30465807e-01  1.86825668e-01  1.22355446e-01
   2.25081379e-01 -1.54721122e-01 -4.79621482e-02  4.74883703e-02
   4.57477718e-03 -1.80524922e-01]
 [-9.15208773e-02  2.00622337e-01  1.10624413e-01  3.89473083e-02
   1.22504703e-01  5.59028222e-02  1.65875708e-01 -1.25889250e-02
  -1.66745315e-01 -1.75552577e-01]
 [ 1.51681194e-01 -8.25226701e-02  1.67538901e-01  1.20601902e-02
   3.33058580e-02  8.91957704e-02 -1.47435051e-01  1.82071529e-01
   9.58519535e-02  6.91142541e-02]
 [-1.40271808e-01 -5.53562912e-02  2.17433269e-01  9.79656244e-02
  -6.48923024e-02 -4.20932896e-02  1.89493643e-01 -4.17583756e-02
  -1.07323013e-01  1.40124478e-01]
 [ 8.51374498e-02  1.33830993e-01 -2.28384276e-01 -1.77597581e-01
  -2.28609642e-01 -1.36383123e-01  9.88355661e-02 -1.08549494e-02
   9.06548300e-03  1.84921819e-01]
 [-3.30277928e-02 -1.76013304e-01 -1.16394053e-01  6.32011142e-02
  -2.41740991e-01 -1.22388456e-01 -4.86079296e-02  1.52681292e-01
  -2.29042204e-01 -1.11566933e-02]
 [ 5.09653711e-02 -7.18997840e-02 -4.43385265e-02 -1.32132292e-01
   2.43730153e-01  2.45222075e-01 -8.58203335e-02  2.09271632e-01
  -1.07013239e-01  1.37754163e-01]
 [-1.38908504e-01  5.17112970e-02 -2.62383894e-01 -2.12509003e-01
   6.76905145e-02 -1.04885558e-01 -3.00248684e-03 -5.88173943e-02
   4.35928508e-02  1.86713708e-01]
 [ 1.69592637e-01  1.95197676e-01 -4.48386188e-02 -2.59744179e-01
  -2.90317649e-01 -4.66876888e-02 -1.29148771e-01  8.31275480e-02
  -1.63977300e-01 -1.47339539e-01]
 [-4.41360286e-02 -9.73063684e-02  1.88571448e-01  1.98621800e-01
   2.61221382e-01  7.17972884e-02 -1.22976032e-01 -1.06396442e-01
  -1.80433865e-01 -1.60259674e-01]
 [ 1.45545994e-01  1.86847696e-01 -7.77022045e-02  1.45996156e-01
   2.28907777e-01  1.16799837e-03  1.92947102e-01 -1.49722276e-01
   1.63670645e-01  7.22170206e-02]
 [ 1.32132323e-01 -1.64443743e-01 -8.55228798e-02 -2.47108299e-01
  -1.39131899e-01 -7.22465149e-02  2.73152934e-01  2.05529910e-01
   8.72737602e-02  1.00336827e-01]
 [ 7.30657636e-02 -1.39760295e-01  1.66388867e-01 -4.89429933e-02
   1.48523081e-01 -1.78800114e-01  2.38460242e-01  4.37281716e-02
   1.34389031e-01  9.41059698e-02]
 [-1.62903108e-01 -1.47183268e-01 -2.08049744e-01 -1.80710548e-02
   5.02555726e-02  4.54870860e-02 -1.96120978e-02  3.01326648e-02
   1.60406451e-01 -1.75333485e-02]
 [ 9.48470534e-04  4.51868355e-03 -3.32000792e-02 -1.64702179e-01
  -1.73860850e-01 -1.97363396e-02  1.54118627e-01  4.05821485e-02
   1.16507886e-01  1.26497200e-02]
 [-1.13088999e-02  6.11831681e-02  7.31583630e-02 -1.80689096e-01
   7.71518723e-02  2.56741373e-01  9.70251500e-02 -2.78496238e-02
   5.42820818e-03  1.74464580e-01]
 [ 1.56349324e-01 -2.06767564e-02  1.50843038e-01 -1.67295947e-01
  -2.08989971e-01  2.62314467e-01  2.35301456e-01 -3.30208870e-02
  -1.98363665e-01  7.97061703e-03]
 [-1.22100663e-01 -1.94017598e-02  1.62870346e-01 -1.70176883e-01
   5.81096132e-02  1.00595987e-01 -1.25696108e-01  1.96303248e-01
  -1.89159760e-01  1.64971779e-01]
 [ 7.50917758e-03 -1.21787538e-01 -1.24250758e-01  5.43853017e-02
   1.14693081e-01  1.89101785e-01 -2.42413156e-01  1.49956919e-01
   1.42397979e-01 -4.03637515e-02]
 [-1.93410781e-01 -2.28014111e-01 -9.28395953e-02 -9.49630468e-02
   4.61878230e-02  2.62894375e-01 -2.79480675e-04 -1.48983667e-02
  -1.69818599e-01 -4.93134040e-02]
 [-2.44054487e-01  6.92380534e-02  2.10496140e-02 -7.37221174e-02
  -6.46051917e-02 -8.95458196e-02  3.92750127e-02 -2.06957065e-01
   2.34838001e-02  2.50217599e-01]
 [ 6.17269089e-02  3.09163832e-02 -7.70082929e-02  9.45381662e-02
  -4.17023704e-02  3.32966227e-03 -1.67352834e-01 -2.06573640e-01
  -7.89788244e-02  9.50935050e-03]
 [ 2.34379041e-01  8.00586991e-02 -1.83836624e-01 -1.81557316e-01
   7.24026318e-02  1.51985560e-01  8.98673409e-03 -1.21042490e-01
   9.39894838e-03 -9.13545596e-04]
 [-2.66910771e-02  1.28701991e-01 -8.43569424e-02  1.63488308e-01
  -7.55730984e-02 -1.39878218e-01  1.77192588e-01  1.11147228e-02
   5.62175694e-02  1.22448280e-01]
 [ 1.08351044e-02 -1.23635369e-01  1.15472234e-02 -7.52255760e-02
  -2.35273425e-01 -6.33854375e-02  2.73856543e-01  1.73502591e-01
   1.70177973e-01 -1.71135958e-01]
 [-6.29698991e-02  1.30816648e-01 -1.11944522e-01  4.01061546e-03
  -1.11055412e-01  7.45097937e-02 -1.80212642e-01 -5.26633784e-02
  -3.43929351e-02  1.20264594e-01]
 [-7.19569543e-02 -1.38573635e-01 -1.98248191e-01  3.09724057e-02
  -3.60105751e-02  9.92170287e-03 -5.06110385e-02 -8.96721777e-02
   8.23500589e-02 -1.66531373e-01]
 [-1.50907330e-01  2.01724093e-01 -2.90798231e-02  5.28665968e-02
   1.74893713e-01  3.43112109e-02  1.61313532e-01 -2.07062483e-01
   1.90825867e-02  2.31974675e-01]
 [ 7.57344355e-02 -1.85098863e-01  1.75369769e-01  2.13266852e-01
   1.47186657e-01  7.81589764e-02 -1.69527446e-01  2.33635104e-01
   1.67497970e-01  2.25932401e-01]
 [-2.69814568e-01  1.69497564e-01 -1.22322082e-01 -1.21148925e-02
  -2.46952393e-01  2.56766032e-01 -4.62144329e-04  9.02988187e-02
   1.16706584e-01 -2.78935280e-01]
 [-3.99746738e-02 -4.18758075e-02  5.33141258e-02 -5.41347989e-02
  -7.48426514e-02  9.18313006e-02 -2.91459058e-02  2.24218371e-01
   1.93718351e-01  1.32208811e-01]
 [ 1.57452757e-01  2.49418369e-01  1.14587732e-01 -2.05753017e-01
  -1.64826704e-01  1.79748618e-01 -1.01946484e-01  2.34198359e-01
  -1.27607912e-01  7.38510457e-04]
 [ 1.44319745e-01 -1.10237705e-01 -1.69425854e-01 -9.23120390e-02
   1.47243466e-01 -2.26621927e-01 -1.26826989e-01 -1.30717347e-01
   1.79740192e-01 -2.20494242e-01]
 [ 6.65439183e-02 -9.41553884e-02  1.40271795e-01  7.25995156e-02
   9.29826970e-02 -7.72757309e-02 -1.94140010e-01 -2.32845199e-01
   1.83948734e-01 -6.28426063e-02]
 [-1.92231266e-01 -1.33495027e-01  3.16856232e-02  1.20289687e-01
   2.23049584e-02  1.61647223e-02 -1.80835323e-02  7.38339633e-04
   1.20057839e-01 -2.16073138e-01]
 [ 9.45633161e-02  1.73156835e-01 -1.24044839e-01  8.70111334e-02
   3.36711509e-02 -1.06901663e-01  1.53075495e-01  2.08448411e-01
   1.89742261e-01 -4.31218288e-02]
 [ 1.33133579e-01  2.50507867e-01  2.24115238e-01 -1.05925861e-01
  -8.22239006e-03 -1.01624824e-01  9.31357367e-02  1.56183274e-01
  -1.47432076e-01 -2.26588192e-01]
 [ 8.20913963e-02 -1.40707695e-01  1.26419004e-01  2.15908605e-01
   2.10554587e-02 -6.46645272e-02  1.62992573e-01  3.23801079e-02
   1.44065356e-01 -1.16949970e-01]
 [-1.42903766e-01 -7.36689835e-02 -1.39448764e-01  1.80709842e-01
   1.37127630e-01  1.36870327e-01 -1.68311594e-01 -1.13950165e-01
   1.15035880e-01 -1.86552612e-01]
 [-2.42190998e-01  4.32967237e-02  1.13011605e-01  1.32961362e-01
  -5.26512957e-02  6.69841977e-03 -4.05740302e-02  3.50558355e-02
  -1.88221230e-01 -1.75215350e-01]
 [ 6.71069541e-02 -1.63568363e-01 -8.78145269e-02 -1.36076807e-01
   8.82615753e-02 -1.93551019e-01  5.56006087e-02  1.17693995e-01
  -2.95147225e-02  1.74803814e-01]
 [ 6.58751060e-02 -1.38043085e-01  4.42327837e-02 -2.99098354e-01
   1.61384766e-01  9.49090749e-03 -1.99948883e-01  6.96419317e-02
   2.19153119e-01 -1.37146148e-01]
 [-2.69574110e-02 -2.25767913e-01  1.68436604e-01  5.30270619e-04
  -1.51844866e-02  1.81647481e-01  2.25904502e-01 -9.82407044e-02
  -1.38501372e-01  6.80706476e-02]
 [-6.43113981e-02 -1.60427249e-01  3.68931848e-02 -2.30823786e-02
   1.69072281e-02 -2.54431168e-01 -1.62131578e-01  1.71722840e-01
   2.29011870e-01 -2.10577566e-01]
 [ 3.55610818e-02  6.92116675e-02 -5.26719637e-02 -2.79495505e-02
  -4.27687273e-02 -1.01413622e-01 -8.46686215e-02  3.71507512e-02
  -1.80713946e-01  2.36400588e-01]
 [ 1.29727332e-01  2.07016566e-01  1.66245139e-01 -5.87519460e-02
  -7.98616065e-02  1.09869310e-02 -2.07771032e-01 -1.23749390e-02
   3.19436779e-02  5.60553408e-02]
 [ 1.47045320e-01 -1.52400656e-03  2.14224139e-01  4.02422377e-02
  -1.14409948e-01  2.33304254e-01  1.19858566e-01 -1.30666235e-01
  -1.32516393e-01 -1.11899847e-01]
 [ 1.54438537e-01  2.43474974e-01 -1.19326999e-01 -9.03515220e-02
   1.40549242e-01  7.02926004e-02  1.92673482e-01  7.08481118e-02
  -7.48861154e-02  6.24374575e-02]
 [ 1.67623858e-01  2.21285457e-01  1.18585650e-01  2.15627280e-01
  -1.36648917e-01 -1.42462477e-01  1.19301647e-01 -1.71175941e-01
  -1.34472658e-01 -2.01420644e-01]
 [-4.22093202e-02  1.12920977e-01 -9.52735770e-02  2.32924881e-01
   9.45238787e-02  2.62156019e-01  1.49812952e-01  2.91706454e-02
  -5.42676394e-02 -8.36709689e-02]
 [ 3.05059484e-02 -5.52735450e-02 -3.89017833e-03 -2.14611688e-02
  -3.32370980e-02  9.81205196e-03  1.88773539e-01  1.13540499e-01
  -1.21879602e-01  1.18832240e-01]
 [ 4.55556342e-02  1.38516459e-01  1.22456297e-01  3.32719552e-02
  -1.82003082e-01 -2.67682819e-01  2.46476922e-01  3.99085386e-02
  -1.15682172e-01  1.29464367e-01]
 [-3.15211038e-02 -3.11079118e-02  5.20917691e-02 -2.82071059e-02
   1.03728342e-01  1.59894198e-01  2.55345234e-01 -1.47081866e-01
   9.53919128e-02  9.02441693e-02]
 [-5.27003269e-02 -1.66149412e-01  1.96320161e-01 -4.73278074e-02
   1.15708445e-01 -7.77346130e-02  3.92265657e-02 -1.80763316e-01
  -1.35160792e-01 -6.97313667e-02]
 [ 4.61679702e-02  1.86044294e-01  1.83247408e-01 -2.43841896e-01
   1.09702980e-01 -9.31808810e-02  8.34522327e-02  1.75791915e-01
   1.47220634e-01  2.67869717e-02]
 [ 6.15478197e-02  1.61799661e-01  8.88359633e-02 -2.30929687e-02
  -1.56094141e-01  1.84280987e-01  1.61808364e-01  1.29034900e-02
   1.72300604e-01  2.18126389e-02]
 [-1.23004638e-01  2.31698082e-01  1.06238664e-01  3.92971189e-02
   1.41650758e-02 -3.54767563e-02  5.72533606e-02  2.04073489e-01
   1.38853701e-01 -1.57102570e-01]
 [-7.91222011e-03  6.25884440e-02 -1.63442519e-01  3.86050597e-03
  -3.56730478e-02 -2.02541174e-01  1.42428823e-01 -2.16280440e-01
  -1.04330945e-01 -1.11343711e-01]
 [-1.17218860e-01 -7.71211324e-02  1.42508214e-01 -1.46477211e-01
   2.14005976e-01  2.05215797e-01  5.18205116e-02 -1.00239379e-01
   9.66888753e-02 -1.12075797e-01]
 [-2.27701810e-01  7.28677562e-02 -1.22216965e-01  1.81317796e-02
   2.10399934e-01 -2.52481438e-01  6.35031724e-02 -2.07588361e-01
  -1.93569995e-01  1.22593568e-01]
 [-7.88560987e-02  4.89074083e-02 -1.56106206e-01  2.68999536e-02
  -1.46713486e-01 -1.17459523e-01  1.59593461e-01 -2.28912933e-01
  -1.55094210e-01  4.76213777e-02]] [[-0.05376886]
 [ 0.01564429]
 [ 0.00345916]
 [-0.03381346]
 [ 0.07987571]
 [-0.05473313]
 [-0.08605905]
 [-0.00331776]
 [ 0.05302956]
 [ 0.0763296 ]]
Original Neuron 0 maps on to recovered neuron 8
absolute values of weights are close enough
Original Neuron 1 maps on to recovered neuron 6
absolute values of weights are close enough
Original Neuron 2 maps on to recovered neuron 5
absolute values of weights are close enough
Original Neuron 3 maps on to recovered neuron 0
absolute values of weights are close enough
Original Neuron 4 maps on to recovered neuron 4
absolute values of weights are close enough
Original Neuron 5 maps on to recovered neuron 2
absolute values of weights are close enough
Original Neuron 6 maps on to recovered neuron 7
absolute values of weights are close enough
Original Neuron 7 maps on to recovered neuron 9
absolute values of weights are close enough
Original Neuron 8 maps on to recovered neuron 1
absolute values of weights are close enough
Original Neuron 9 maps on to recovered neuron 3
absolute values of weights are close enough
