
Check the solution of the last weight matrix.
Neuron 0 maps on to neuron 0 with error 9.568384855667717e-06 ratio -1.5589884546111978
Bias check [-0.00563217]
Neuron 1 maps on to neuron 12 with error 1.0344841971227517e-05 ratio -2.8906672219834393
Bias check [-0.00276279]
Neuron 2 maps on to neuron 10 with error 3.296908871223878e-06 ratio 1.2763582720361182
Bias check [-0.0037612]
Neuron 3 maps on to neuron 14 with error 7.153206038839333e-06 ratio -1.8081263449350653
Bias check [0.0022176]
Neuron 4 maps on to neuron 3 with error 8.72646297230105e-06 ratio 2.3758570648787103
Bias check [-0.00096673]
Neuron 5 maps on to neuron 15 with error 5.710164528518058e-06 ratio 1.278568396457806
Bias check [0.01645067]
Neuron 6 maps on to neuron 2 with error 2.9848218418029476e-06 ratio -1.894947074787453
Bias check [0.00364306]
Neuron 7 maps on to neuron 6 with error 5.483268320497723e-06 ratio 1.4050764196224401
Bias check [-0.00683374]
Neuron 8 maps on to neuron 7 with error 3.3113495585917706e-06 ratio 1.1314339633065376
Bias check [-0.00020267]
Neuron 9 maps on to neuron 1 with error 2.3547425478818624e-05 ratio -2.065153539095639
Bias check [0.03734152]
Neuron 10 maps on to neuron 11 with error 3.4872215061902505e-06 ratio -2.0601098012259427
Bias check [-3.14243343e-05]
Neuron 11 maps on to neuron 13 with error 3.0912792653269217e-06 ratio 0.11304148051864746
Bias check [0.0012857]
Neuron 12 maps on to neuron 4 with error 1.3924358866566243e-06 ratio -1.420587828334765
Bias check [0.00196297]
Neuron 13 maps on to neuron 8 with error 1.6317495160711633e-06 ratio 2.195022656812653
Bias check [6.66334799e-05]
Neuron 14 maps on to neuron 5 with error 1.419301224296182e-06 ratio -1.0413904260007676
Bias check [-0.00170554]
Neuron 15 maps on to neuron 8 with error 0.7958227544258858 ratio 0.18045273291665784
Bias check [-0.39816914]
ERROR LAYER EXTRACTED INCORRECTLY
	GAPS: 0.9974 0.9669 0.9922 0.7720 0.9999 1.0021 1.0009 0.8723 0.6333 0.8972 0.9883 0.9592 1.0183 0.8915 0.9834 0.9646
	  Got: 1.0000 -3.7431 1.9877 0.0759 -2.9361 -2.8487 -0.8482 2.3170 -0.0721 1.4926 1.3729 1.1091 -40.9924 -32.0027 20.6409 10.9829 -0.3610 4.0482 -1.0716 0.5642 -1.8756 -0.9425 -1.2371 -4.0605 0.0740 -6.3179 -3.4107 -2.6961 1.3473 -0.9921 4.2202 -1.9329 -40.1327 -43.1691 -15.9045 7.5201 -38.1857 -34.8046 14.0097 -4.8485 5.2003 -2.6870 90.2124 50.2445 44.9920 23.7991 33.4765 -41.2183 -74.2675 -18.8829 -74.9305 -89.3012 -0.1908 -2.5662 0.6990 -1.6815 -4.8549 2.9831 0.1398 -51.2433 -80.2941 -24.3581 16.6534 -4.6856 -25.6989 -43.8453 -36.8324 30.3108 52.5888 6.6777 34.3472 50.2330 28.2745 -52.9439 42.5585 25.9174 -59.8088 -56.0946 -27.0070 -76.0482 -75.9380 -23.5682 -0.4233 0.8463 5.8049 0.9177 -38.0063 -60.2410 -33.0520 -51.7678 -44.1625 -7.5192 -48.4170 -54.3960 -35.8713 -60.0632 -43.0072 -45.3589 -15.7104 -18.8485 3.7058 26.7957 22.8850 13.3794 -36.3403 -36.5556 28.6873 32.4157 -4.6499 8.8613 -25.3874 -0.5930 -6.7154 22.8433 -79.3139 -4.5553 19.2363 -17.2174 -14.3080 28.4710 15.8797 -24.2371 -18.3760 -12.2151 -17.0048 -21.6856 -20.7424 -8.9071 15.6359 17.5261 0.7412 -6.1973 5.3330 23.0489 7.4249 13.7047 -44.3508 -69.5242 -23.7070 -41.7363 -1.1587 1.8795 -39.7983 -18.6563 13.0761 26.0886 13.2393 25.6446 14.7937 12.2267 -14.5799 -27.6743 -2.2010 6.9095 -20.7011 -7.4862 -2.5900 -2.9232 17.7343 15.7516 21.3402 -2.5587 30.4717 17.6719 3.4436 -50.1404 -19.8492 -52.9216 -1.0306 -10.2344 -1.8571 -21.2538 -4.2216 -7.6507 1.6457 -5.6479 -11.5281 -19.3477 4.3855 -10.9608 -3.4015 -14.4879 -3.4842 -22.8455 -4.7071 -2.5109 7.5830 10.2326 37.1162 -7.1452 20.0584 33.9951 2.0305 14.6918 -30.4231 -0.5500 -4.0624 -11.6015 15.0705 10.5929 -28.5482 -9.2828 -16.6915 -1.3994 -13.2228 -32.2334 6.0189 27.2687 1.3809 -14.0567 -13.8081 5.5146 22.6331 23.5162 13.1839 8.3838 19.0190 9.0944 -10.0033 26.7680 9.2463 4.1145 -47.2969 58.6216 -9.6122 17.1716 3.3365 -42.7278 -9.2810 -5.6440 5.6048 -26.5229 -7.1164 -17.7227 -1.9599 8.4281 6.7076 -0.3554 -5.4981 -2.3863 5.7139 10.0750 17.0126 -2.3545 -2.9687 24.1496 -6.3376 24.3489 39.2946 -6.8416 7.1884 -11.2833 3.0873 74.1640 11.2746 -25.9442 -0.9020 12.9699 12.6813 -10.2089 -19.5025 1.2730 5.7131 -14.4044 15.0137 22.7025 -4.1288 -9.4143 2.9136 -14.0784 -10.0789 3.1709 -11.0698 -12.2345 8.6231 7.4379 49.3843 6.4295 65.7494 -108.6134 1.8930 24.2055 31.4371 25.4862 -13.4135 10.9176 -14.6759 -8.6802 -11.7518 -6.6765 -20.3573 -9.4043 -1.3586 -9.9648 -1.8603 -14.6323 -13.1698 -32.1342 -9.7671 -27.9120 -40.2578 -21.1698 -37.7676 -19.3228 0.4236 -7.3581 41.4478 -14.6990 -7.9682 -61.1939 15.0994 -27.8691 -5.0995 -6.4608 -16.3543 -9.9344 -13.6883 4.3709 -12.7894 8.1544 -9.2612 4.5084 8.3520 4.3902 1.0934 -5.9468 9.6382 -12.6239 0.4894 -0.5797 -18.8529 -15.1342 53.6222 3.0544 111.2602 1.0313 -1.8782 -0.7319 60.4751 -53.0163 -6.0629 30.0196 30.0354 12.4253 11.7335 17.2537 29.4112 9.8608 5.6405 -6.6392 -24.4484 -0.2868 1.1371 8.5250 4.7064 3.1276 -0.5377 -6.8627 0.5037 32.3892 4.6914 -2.4104 18.3488 29.3755 17.7717 7.6580 -41.8047 13.6515 37.6777 26.4479 1.9646 24.7781 31.3643 -23.6440 -1.8469 11.3795 -18.9534 3.7854 9.7318 4.4755 -9.2225 10.7943 1.5084 -3.0784 -7.1418 -8.7667 -11.1476 -2.6488 -62.3527 -29.0438 18.3721 15.2994 -15.5909 19.8972 16.6144 61.9453 47.3675 6.9100 -11.1020 -1.9352 -25.3233 -30.7419 12.5027 -11.0331 7.5896 -21.9366 -0.6981 9.3217 -5.8233 -11.6047 -4.2937 -7.2720 -2.2333 5.9286 -8.9395 7.9296 19.7134 21.6735 -5.4111 -8.9277 -12.2814 -7.7207 -25.5991 -14.6606 -34.9870 -19.1439 -24.8427 -4.7255 15.6236 -6.0908 0.4434 -3.2204 4.4074 11.2204 -19.6629 -13.5718 -2.6614 14.2043 -14.2765 -5.3441 -13.5066 -5.3097 -2.1867 5.9520 25.4410 -9.5624 -17.3636 -11.7909 5.1803 26.1006 -16.4765 -46.7745 -2.5151 -26.0970 -10.5819 6.7543 -5.5829 -7.7903 -5.9998 -2.5395 3.4379 -1.2295 -2.7370 13.9574 6.8037 -26.9989 -4.3529 7.0019 -20.2935 3.4458 22.1724 -6.6135 -7.2268 -5.3281 20.4895 29.6424 -1.1679 52.8746 -36.4531 35.8507 17.3336 -30.8538 4.8918 6.5659 -18.5197 10.0243 -0.6794 15.8810 3.8308 -3.1862 -8.7833 -6.0569 -6.4505 5.3611 -12.4868 12.7352 -0.7230 9.2364 -13.2484 9.9196 4.3697 15.3747 53.8435 38.8193 21.6445 14.9465 17.9144 21.4764 -42.5157 -16.9309 -4.9536 17.0798 -17.7481 5.8520 -9.4191 16.5137 -0.6307 -29.0272 4.7519 3.5270 -7.0072 -43.2539 -19.5785 -19.9117 -17.4221 -21.4982 -18.9934 -23.5074 -17.6294 3.7879 -25.4122 -2.1372 -42.5885 10.6226 30.7374 -7.8501 -11.1383 -6.8130 1.9552 -0.2077 -5.6857 -9.3812 3.4661 -9.8479 -17.8401 -0.7492 -22.3870 -22.6082 -20.0397 -21.4347 -17.3193 -19.4856 8.5210 0.4706 -7.4769 5.4609 18.9635 16.3784 32.5178 28.6904 -0.0595 -49.5315 38.5523 -13.0517 25.1360 -8.8360 -7.9357 -14.1932 5.3509 12.1728 4.4741 -4.0349 -13.9159 -5.7624 -17.5636 -21.1112 -22.0295 15.3463 -4.6658 -0.2480 -4.2366 -7.8204 -6.6765 -22.2895 -23.3586 28.4254 -3.2159 37.7027 11.1745 -0.8735 -23.0259 -13.2632 8.8677 -11.6557 19.3350 1.2659 9.3515 6.6911 -0.3752 19.4253 9.5277 8.5076 12.7443 11.0735 -7.1222 22.8116 3.4975 4.5594 13.8216 1.4367 -29.9438 -8.1406 36.7536 33.8250 -59.0756 12.0388 7.5706 9.7457 11.2467 -31.5836 32.6152 -3.9967 13.6131 -11.4312 9.6617 9.6880 -12.5080 -2.2658 1.8493 23.3454 14.6020 4.1081 11.1421 4.5195 13.6855 22.7701 11.7085 7.5997 12.9016 8.2235 11.1364 12.9932 -26.4599 9.7871 0.1923 1.4801 -0.9298 -25.9596 30.5027 24.4218 1.2655 -5.5138 0.2762 -4.0371 22.5356 2.3442 9.2875 7.6530 -14.7860 18.2664 29.1328 -3.4643 -0.1589 -12.1063 -17.8783 -18.3145 12.2410 39.6751 -38.6031 -48.5339 -23.2957 2.3391 -2.3872 2.9148 15.7817 -2.8894 3.5577 -1.0130 -10.1445 7.1239 21.7370 13.3814 -12.0805 -8.5350 30.7038 -5.0945 11.9101 -23.9751 -16.1341 4.3595 20.0455 -4.1982 -8.7343 -40.7247 15.6751 23.1379 2.3679 4.6333 -17.9700 3.4446 1.0385 -0.6127 10.1605 29.8095 75.0177 -3.0501 -35.5190 12.5171 29.1697 36.6924 10.9904 19.8090 -3.1746 -0.4608 -5.0282 17.9707 22.3020 19.2315 10.4343 43.3538 53.9451 48.9956 77.8117 5.6697 -8.9941 -6.3775 -15.6742 -1.7677 -0.7622 0.2922 -4.0652 -10.9923 65.4306 -9.9361 25.9060 48.0036 31.5626 57.0352 44.9052 2.3269 49.6364 30.2709 54.9844 28.3050 20.4477 20.1782 -24.2452 58.3841 5.3409 25.9664 -9.3840 -21.5973 -16.4225 -4.3803 2.9738 1.3831 0.5078 2.4286 -1.2921 0.5630 13.4545 2.5175 1.3417 29.9759 36.3087 43.6175 30.6594 13.8632 37.4564 6.0006 20.1980 6.7818 8.2104 20.2354 -15.0781 -0.6751 -40.4218 -43.4110 -25.4272 8.9706 0.3920 -0.5940 -0.2063 -3.3049
	 Real: 1.0000 6.6321 2.4645 -3.4699 0.1482 6.4041 -2.8274 -6.5597 -2.2700 0.3145 2.8559 1.0386 43.5091 32.3326 -9.1723 5.2103 -1.8166 -6.4453 -3.5690 -6.2031 2.8707 1.0506 -5.2173 6.3532 1.0462 5.3289 6.1816 1.6211 -0.8249 0.8337 -1.9901 0.6932 25.7544 14.2824 32.8001 -2.9877 -2.7093 29.7209 -30.9422 -19.2691 5.6911 -52.3366 -137.9948 -36.4167 7.2382 -32.1425 10.9378 153.7183 100.3198 -24.7079 71.8745 132.5867 1.3213 -5.7624 6.3246 1.3875 3.7112 -2.4372 44.1523 120.4493 136.1213 -156.5349 -32.2429 68.7477 65.5382 68.2969 106.3920 -46.8058 46.0410 14.1494 -37.9978 -64.1343 46.7933 144.0279 -5.1112 -31.1816 88.6002 136.3974 46.2488 98.3823 83.7806 122.1750 1.1317 -2.0995 -3.4137 4.2200 65.7851 98.7767 67.9733 47.5662 42.0450 97.6111 135.1392 61.8733 93.5596 36.9014 -9.3985 107.1089 96.2097 60.7501 -69.1289 -72.4218 -42.1102 -6.8422 68.8797 25.2087 -24.5684 -32.5834 29.0473 -22.0401 39.0336 -1.3914 6.4758 -19.8607 5.7273 -30.2875 -34.9537 9.1490 45.3134 -38.8331 -21.2810 -0.9989 9.2449 -32.9455 34.0680 44.6571 5.4908 -10.2383 -44.2484 -3.7445 -28.4199 -8.0301 -22.5530 -56.5511 -24.3415 22.8773 -58.8627 -4.1400 -24.9498 -2.5077 -3.2794 -2.6012 153.1227 58.5835 -37.6180 -73.9383 -58.7062 -59.3749 -2.0833 -43.9609 -12.4777 -1.1089 -34.9858 -20.0952 24.6354 9.6706 15.5210 11.4282 -25.7113 23.8046 -19.0351 -8.1387 -8.2732 19.7115 -70.7845 -8.8480 20.4284 -0.0305 6.7908 -0.4885 -13.6007 60.6940 -7.9047 26.1792 -1.1950 -3.2906 -7.7775 -18.0468 -26.6257 4.2866 -37.3764 13.6910 12.6155 27.0816 2.2343 -30.7232 -12.6375 -22.4588 -47.5206 42.3431 8.9528 -28.1906 37.7640 -56.4278 60.4958 12.8769 2.0463 -10.9184 -74.7664 -52.6773 42.4653 -24.3843 2.9570 25.0585 -25.2500 2.1569 -65.3752 -23.1840 -1.9372 -10.9081 19.5166 -12.0213 2.1366 -20.0782 -6.7978 -11.3838 -32.9208 -16.1805 46.1761 -37.8019 -16.5060 -34.1079 46.4891 -19.9332 177.1139 -99.5477 -87.7207 38.3018 -37.4613 -41.5836 -26.3531 -6.1080 6.8354 9.2282 -7.2670 -20.7395 -15.4672 -27.8068 20.7652 28.8872 -4.2396 -5.1775 -42.4414 0.0144 4.6729 -41.2102 -10.5433 -42.8780 -11.2693 17.0828 -18.3997 118.8497 -4.6973 -197.9211 -119.5876 45.3409 36.6293 -8.2015 -19.7839 17.3791 -1.1229 -25.9267 -36.9181 -34.3805 -31.9038 -2.5816 30.6904 25.6820 -18.9634 2.5406 15.5403 -23.9465 -2.6157 19.7913 -33.1731 -14.3412 -15.5486 -25.4999 -135.5480 96.7912 -8.1276 -162.6765 -116.4039 -104.1975 -10.4639 -23.4259 -0.7099 7.7199 -42.4971 -3.1628 11.8650 -10.0607 9.6204 21.9455 3.7562 32.8035 -15.1340 5.5995 -25.6746 4.4005 12.4944 -0.0950 0.6220 -13.8922 -9.9007 62.7060 -52.1686 90.2722 -5.5538 117.1839 -40.1289 -24.2264 -44.6994 26.8714 2.2879 2.2129 -10.0723 -17.6137 -9.6348 -6.8809 4.0378 -9.9790 0.4080 24.3350 -2.3902 -0.4331 -37.2348 14.2750 -15.6929 -30.7587 -9.6001 0.6467 -119.8236 28.9050 -195.2317 -14.8470 4.0257 -35.3968 -116.1373 -59.4293 0.5653 41.7946 -70.6984 -9.7314 16.6938 19.0266 4.8629 9.8371 33.6300 19.5713 20.6780 -3.0451 9.7357 -14.4353 -22.8755 -15.9849 -18.5522 -18.3632 9.6175 -49.6079 26.0433 -30.6679 -37.0722 -63.9928 -33.5740 -16.6550 -38.5232 -29.7486 -8.9018 9.3016 49.9487 -4.4079 -6.8577 30.4104 17.5785 17.7002 27.6430 -0.9946 -20.5802 -21.3252 16.5686 -9.6696 16.2314 3.8244 -27.5593 0.4762 7.0738 4.5161 27.0403 33.7848 -51.9633 27.3326 5.2001 -137.9008 -126.0777 -20.4547 -24.1760 19.5187 66.7726 0.7676 10.8047 5.4741 -9.6152 -11.9192 -34.8285 3.2330 -2.9813 -6.2775 -5.7016 -2.4685 23.0089 -0.1361 -19.8075 3.3222 37.7367 -10.1880 9.9245 1.1374 71.3141 58.8672 5.5777 -9.8031 -20.2956 21.6248 -18.0741 -7.9545 -16.9517 13.5207 -45.1908 37.2613 0.2222 12.3267 4.1241 -22.7489 -0.8917 0.9360 13.4594 2.9482 -4.4670 6.1232 12.5202 -8.1363 41.3468 33.8961 -18.2001 32.7218 -84.1629 63.3345 -7.4096 -50.5958 61.1305 58.5318 -9.4051 -8.4748 -10.0876 22.9407 20.3962 28.1581 9.6277 12.6038 -11.3698 8.1193 1.8782 -1.0251 -3.1586 32.6441 7.3851 -9.6375 47.0295 -12.6999 -1.6817 37.1357 -3.6747 86.1317 -105.6888 -74.4017 -6.0791 -46.3419 54.1825 -62.7462 19.0062 40.1016 18.6122 -51.9551 -7.2785 -7.8553 -8.0118 3.7746 -8.6012 16.0729 8.9817 -6.5276 10.4549 -23.1967 18.4611 -20.4010 18.4563 15.7069 7.6128 30.1678 -28.3464 59.3734 -101.1554 -79.7693 -168.6770 4.9815 -76.9284 4.7549 16.0101 9.1621 21.9699 -4.4951 41.2235 -19.8024 10.1323 -22.9126 4.8263 31.5650 -1.8425 24.7382 16.5762 45.3764 31.0677 27.9446 -27.3201 32.5837 9.9676 29.7620 12.4431 -42.6907 -55.4757 9.7208 16.6485 -67.3723 -103.1778 57.9458 -2.5457 28.4292 23.5018 -25.8829 31.1079 17.8969 5.6241 11.3975 3.5356 21.8875 27.5208 41.8943 12.8834 -1.0393 8.4846 24.1426 -20.7350 32.3066 48.7568 -12.9756 -50.0388 -50.1645 44.5021 -51.1451 -2.7715 85.0236 -17.5924 10.7606 -10.4467 11.5268 -5.8095 10.5047 22.5873 -28.2023 2.0953 44.4667 36.1939 26.1102 19.7856 19.8517 22.1618 -4.5033 12.1014 18.7894 13.9421 40.3332 5.9964 -3.3569 5.7420 -86.2741 110.2056 -0.8678 9.1658 -8.2617 0.1118 32.5488 -42.7670 32.2769 -22.2608 8.3732 -26.6292 17.2041 22.8332 -29.0562 12.8333 -1.5773 -10.5663 -17.4546 9.9576 -28.6725 19.1442 -33.6778 -49.1210 -43.3380 2.9538 16.7913 -108.1188 -3.1424 166.2475 -0.0614 8.9106 -0.8299 -25.4885 50.4968 3.1727 -25.2660 -30.4130 19.0872 -43.6356 1.6925 15.8936 -35.1131 -5.3419 -23.5570 -24.6489 -2.8514 3.7457 14.6219 8.4438 -35.9284 -56.1142 -39.5280 -11.6122 -51.1012 -94.6970 67.9301 126.3701 -2.8698 5.8687 -2.3399 -70.4949 -64.9865 -27.1137 40.1759 45.9472 6.2749 -0.8018 28.4618 -0.8261 -5.9864 7.0483 -30.8768 2.0571 -49.2631 -66.7305 -12.6010 -17.6285 18.9445 45.3869 2.6403 3.4053 -68.3689 -12.9922 86.3712 116.6847 -5.9836 4.9902 -2.1077 -28.0822 -0.6105 -50.1666 24.8969 -10.1690 -47.9755 -24.6127 -3.6512 -2.0331 -10.8353 -38.3021 -6.9325 -9.6661 20.1749 -3.3301 9.3440 9.6984 26.9708 -28.3142 18.6230 -17.3983 -56.2733 -48.9233 21.2801 26.8063 -5.9166 -4.8227 0.0830 13.8511 12.8935 -12.2047 -17.9863 3.1147 -51.7743 -83.9854 -42.5375 -52.4902 -42.2268 -11.8882 -63.7503 -6.3228 4.7597 -125.9300 -63.1063 -36.0269 -78.0618 -10.7151 -126.1151 -47.3239 112.0890 9.9129 1.3566 9.0009 2.3187 0.3754 -2.8043 5.6304 -7.2015 -29.2946 -32.1275 -116.8385 -124.2352 -123.1486 -156.4506 -79.3797 41.4802 -148.8091 -58.1079 -126.0463 -66.5284 -39.2311 -27.8492 -77.7612 -90.8253 -52.2099 -30.5928 -22.9685 -10.9495 -12.4894 0.4214 1.2904 -4.3313 -0.1777 -5.8305 -0.1720 -0.1316 6.7342 3.4491 -5.5745 -13.1056 -43.9516 -40.5243 -18.4625 -31.3511 -19.9714 -41.0600 -66.9540 -11.1251 -11.8516 -6.8974 -7.9381 -6.6939 -12.5142 -5.6786 -11.3867 -9.4801 2.0186 -1.4840 1.3087 6.6417
Real:  [array([[-0.05566608, -0.07751476, -0.06626333, ...,  0.07018727,
         0.08653802, -0.08551963],
       [-0.02179794,  0.06263898, -0.03816876, ..., -0.013936  ,
        -0.03018229,  0.05437081],
       [-0.0201226 ,  0.00125719, -0.02042207, ...,  0.00508099,
         0.07880109, -0.06396486],
       ...,
       [-0.00856226, -0.03094199, -0.00201314, ...,  0.02043059,
         0.02328996, -0.03233381],
       [ 0.06580175,  0.03082389,  0.04118177, ...,  0.02138654,
         0.016882  , -0.04647676],
       [ 0.05489714,  0.02960599, -0.08242976, ...,  0.0432609 ,
         0.00801315,  0.02644172]]), array([ 0.31035439, -0.11091968,  0.41705037,  0.04535149,  0.10293618,
       -0.86177969,  0.99625496, -0.24318112, -0.7918709 ,  0.33273901,
        0.25932889,  1.51697408,  0.24511148,  0.26207328, -1.01705532,
       -0.24023351])]
Corrected:  [[ 0.05566428  0.07752709  0.06626461 ...  0.07018692 -0.08653664
  -0.08551312]
 [ 0.02179196 -0.06263898  0.03817176 ... -0.01393499  0.03018284
   0.05437104]
 [ 0.02012751 -0.00125926  0.0204269  ...  0.00508075 -0.07880002
  -0.06396494]
 ...
 [ 0.00855959  0.03091304  0.00201304 ...  0.0204305  -0.02328731
  -0.03233124]
 [-0.06581437 -0.0307853  -0.04118559 ...  0.02138579 -0.01687776
  -0.04646829]
 [-0.05490506 -0.02960175  0.08242963 ...  0.04326152 -0.00802065
   0.02644627]] [[-0.31598656]
 [ 0.1482612 ]
 [-0.41340731]
 [ 0.04631823]
 [-0.10097321]
 [ 0.86007415]
 [ 1.0030887 ]
 [-0.24297844]
 [-0.39370176]
 [-0.79193754]
 [ 0.26309008]
 [-1.51700551]
 [-0.24787427]
 [ 0.26078758]
 [ 1.01927292]
 [-0.25668418]]
Original Neuron 0 maps on to recovered neuron 0
ERROR LAYER EXTRACTED INCORRECTLY
Original Neuron 1 maps on to recovered neuron 9
ERROR LAYER EXTRACTED INCORRECTLY
Original Neuron 2 maps on to recovered neuron 6
ERROR LAYER EXTRACTED INCORRECTLY
Original Neuron 3 maps on to recovered neuron 4
ERROR LAYER EXTRACTED INCORRECTLY
Original Neuron 4 maps on to recovered neuron 12
ERROR LAYER EXTRACTED INCORRECTLY
Original Neuron 5 maps on to recovered neuron 14
ERROR LAYER EXTRACTED INCORRECTLY
Original Neuron 6 maps on to recovered neuron 7
ERROR LAYER EXTRACTED INCORRECTLY
Original Neuron 7 maps on to recovered neuron 8
ERROR LAYER EXTRACTED INCORRECTLY
Original Neuron 8 maps on to recovered neuron 15
ERROR LAYER EXTRACTED INCORRECTLY
Original Neuron 9 maps on to recovered neuron 13
ERROR LAYER EXTRACTED INCORRECTLY
Original Neuron 10 maps on to recovered neuron 2
ERROR LAYER EXTRACTED INCORRECTLY
Original Neuron 11 maps on to recovered neuron 10
absolute values of weights are close enough
Original Neuron 12 maps on to recovered neuron 1
ERROR LAYER EXTRACTED INCORRECTLY
Original Neuron 13 maps on to recovered neuron 11
ERROR LAYER EXTRACTED INCORRECTLY
Original Neuron 14 maps on to recovered neuron 3
ERROR LAYER EXTRACTED INCORRECTLY
Original Neuron 15 maps on to recovered neuron 5
ERROR LAYER EXTRACTED INCORRECTLY
